141807195
141890964
142283715
142175358
142379865
142340079
142636188
143123721
140935119
139650423
158670873
178734234
189507516
183536778
198083463
203336886
210740028
214302807
221233293
221296788
219121980
224127117
228273195
228294243
227547789
229338540
235261125
230411142
231095955
235672308
232912662
233525592
231747858
236291316
233873640
232322706
237606675
227396808
215756118
217954500
225656118
222114495
226093983
227680281
229057728
221722761
222335907
231113946
228288855
229399203
230406777
233152443
230612835
231148407
234695301
233257074
232778886
231875250
237639882
233813679
233946969
225572010
226459152
219610410
223169466
222454320
216548835
219421788
221628630
209620218
206917713
211847721
218314098
222509757
219035550
217009749
219869553
227473683
225521184
228076854
228642390
231935610
234857955
231892083
241893219
230670354
221588406
210476646
216567951
214010829
214548837
215405523
218520381
216988158
217421907
219926952
214674924
206999877
207726129
213040845
214490136
214982400
215951301
216629370
217475667
218817720
218940621
208231995
209569047
201117927
202340760
204880458
209532699
210280890
210797208
216188514
210806820
217094382
202727709
208451346
210519489
211211232
214211184
217111797
214743903
205497591
207733251
210551880
212572332
213851166
208036176
204810774
207429048
210912729
208960692
215882022
215338965
211702491
206169783
199398219
194541459
188718153
181984314
179827188
169197963
173331255
170694495
168834474
160908723
166133970
156555750
161698569
162901197
154187166
159732162
160335315
160396920
153189141
160849986
159711330
159758190
151510461
158597061
158237529
158405607
152347656
159693981
158091519
160031682
152474259
159143826
160233756
160150185
151649046
159507666
160065000
159235062
151405518
158348739
159515643
158311875
151698771
159776613
159916827
159150384
151653537
160520244
159895845
159979929
151929240
158425113
158866335
159455394
151444950
149841141
157520223
157603722
158501325
153143028
158263614
157851819
159148650
151297131
159647622
159776229
159529413
150827340
159472206
158741553
158408493
152050821
162391149
162331020
160663479
151650405
151798758
158348553
159212562
151112847
159136947
160466124
152441241
151327623
159938247
158527509
159392901
153461265
158253999
158345739
157631358
151968213
159167616
158733420
162265236
149891913
158281845
157437129
157772424
159331233
151321983
158851359
157790379
150438960
158819256
160903680
156948678
160363524
166656555
162799113
173429445
180208875
186157128
183080814
189183426
171430908
166732908
173662311
161241546
169761507
166976394
164999133
164542425
162882924
154412694
161344296
159864798
159506625
159419802
159344862
161026230
160386450
160115097
160438884
153008760
159957678
160078653
151670985
152018247
156698049
149395341
157003380
157504845
157629624
159719019
150857391
158563263
157173156
149657550
156482757
157856997
159181443
151236945
157372983
160415151
151216521
158267406
150258114
157282701
149291640
158006352
156532941
149345037
157334100
157509162
158892951
159840324
158708187
158095833
151035165
158945355
165606078
172292373
175760136
179684988
189809535
177028308
183080877
175892277
174103116
175346904
172655652
173187639
179701632
181380183
184128333
185576283
181110480
178828269
186548139
182659206
181747284
177147006
170059413
176034219
180327267
182925759
184977981
184679856
184395012
176976669
185619396
184596156
173198517
176841528
181321206
186585780
184046187
177705825
185060394
184762452
183946161
175997907
182404761
171412983
183339828
179961921
171108423
178174437
169404093
173831868
178806357
168960495
179402265
181788627
184225581
185060556
182225244
182831724
176976831
169684542
175785765
167046972
178173138
180368142
168409026
180739353
178986348
170846625
180397179
167943597
185714361
183788271
185329698
176851938
170334138
176607267
177014478
171460230
180800625
179932761
178035759
174131250
181895853
185301291
195103353
180645312
188580873
186426003
185190096
177403041
187370685
185452671
185024037
188788068
185318784
177313839
183695652
180623715
176603751
183546750
181476096
184573800
187318080
189098604
187566057
187783896
178297476
187337865
190614324
192175134
197115033
186499866
177683721
191442183
186993294
175198458
169410255
174783942
172750395
165838659
175711527
177291810
177804240
169779150
159980142
165485679
155770815
166600071
166113369
167764449
158340702
166506375
166650489
158179737
154865868
163592502
154892778
161777565
153986994
162241299
155354268
162263460
153466617
163104276
161414700
156357375
162528486
154483869
163664424
155321991
163358556
161311275
156194442
163663539
155787378
163498662
154463025
162122886
163801179
163016127
163162617
157310574
167586351
165242307
166783248
167501067
166761507
165627759
158190609
165864093
164675136
158760150
164754597
156200187
156482685
152891988
160784520
162581730
163271730
162889476
157198194
155509188
162427119
163496313
164797950
164365470
159648420
166857393
175241400
168988005
166979487
165941181
160747290
166909179
168395649
167584203
168996306
158222520
163474560
156574260
152497932
155206359
153638559
162543594
153247191
160452096
153596544
160774821
153126555
160849719
154276851
162343617
163754151
164476623
164353410
163642323
156596070
165755739
165687192
166961286
166200663
166832943
157851231
166501251
165999264
165917163
165886917
165504198
159111060
169884033
166157043
168835527
156996642
167099970
165353304
156584382
163354341
154027686
163324662
157260438
163458858
154824681
164957370
162642300
154269150
163036107
155906967
163815315
154584774
164252754
163426665
154295004
152882235
150452313
161551098
151663218
160835433
153143436
160428816
153120615
161033196
161311392
160649658
152772123
162031416
152394396
162992787
161825226
154280922
163664952
163508916
163951506
164869992
163923246
158084739
165031926
167354580
159280443
166704060
164522355
156529590
165207792
154981935
164997912
156684936
164398149
162029994
163482708
156538578
165183912
168290022
165839412
166262799
158450268
164719269
165033279
158726529
154266978
164012958
153963234
164001807
156383871
163224462
161950068
155307402
161953122
154807332
162649581
154112427
162854835
161606805
154573740
161099454
154522104
154363188
152228220
163320657
161809203
155192733
163778634
155173878
164773479
154055106
162856335
160354413
152615808
160711230
154365750
151176681
149601693
160713573
163397361
162974019
164831130
165260097
161276112
167923260
170087292
171731142
173099031
170562369
160866357
159408426
167542656
156294165
164366961
156120996
161428557
156655014
164607000
163231875
156759324
164711901
163762746
157978275
167647809
156290325
163757331
163878714
157428495
165358920
164733846
156351690
164728434
165254136
156396864
165586071
164820372
156045405
166004781
155728095
164757726
163406007
164089722
156563196
162062895
156083454
153208008
163746876
153563532
162249090
152822037
161157657
154154436
162708660
165001383
155168850
163050633
162845619
162840687
157548435
163732056
164368437
156701916
164617932
164988381
156028437
165509694
163953852
156474390
165050052
164566533
164631462
158627481
164915568
164850615
161604906
166302402
164516841
157132194
166066146
169313586
155927343
164974404
156186582
163423059
155702484
163850982
155257524
162297408
155420640
161388273
154525323
153103320
163766001
152395320
162458355
153578952
162722787
153621381
161795955
157173282
161671470
154209453
163256082
154858113
161445183
154048395
161604333
154172115
151677045
163835295
153317649
163793973
153273120
162843270
152239668
162296985
153507972
161829036
153047949
162233430
153646245
161594625
154799154
163848330
163456866
163394667
156342453
163165131
155966304
153510012
164443458
153890484
163901040
153394794
164604348
162139065
155237547
153411030
157925709
154335663
154384821
161937219
154701114
164596599
163746486
155904591
164744451
163790967
163562958
157619337
165713538
165185031
158184003
155836260
162669861
155523834
163797900
164082771
155070993
165509061
165491076
163882446
158348271
165281184
166078965
157709340
166337814
166359885
157533024
165614964
158517981
165238701
155054358
163528371
164586696
157236507
164818731
163945575
156451149
165537126
164968884
158966919
166042053
165457968
165851358
159095610
167362773
156619161
165810597
155857134
165774135
155280750
165816252
155155959
162587517
154644774
163504335
154499271
161730078
157461621
162032325
154576737
152957616
162826362
153081687
161521503
187273809
154782732
154580385
153607638
161571261
154602543
163316958
161797548
154743159
164132445
162437892
156607446
165085416
165998337
157627236
153594771
153547383
152181330
152090529
151682466
161559465
151772592
161512683
153186006
160371732
150659727
150866274
150737958
149777337
157533591
152191824
163976760
152750229
151439268
149399169
161574684
152060172
163522677
153185850
164802282
158382780
165316074
164614806
157311504
165851883
167177481
159027903
167643357
168354204
160454883
169486758
170977197
170258832
160064745
171997656
166385916
158014827
154721232
153293871
152451243
149858622
149386935
163164417
151840122
164058378
151155600
150860235
159421326
152660421
161283354
152648184
162303810
152442405
160504980
152329620
150963837
161256891
151243215
161039022
153857409
150276213
158186274
152817477
160093812
152893200
161163162
153749259
162093852
161309175
155120361
162416502
154437555
162678408
154626306
162013740
161342538
156189291
162463497
155738460
162713685
155215266
163551567
154266201
163375608
162864033
155043888
162977970
155127942
162341208
154631418
163222503
162184437
155293572
162332799
154722291
163291791
154505715
163968984
161705943
155819331
161855724
154568403
163000869
154969656
163596396
161939499
156085068
161990718
154887147
162953400
153830061
163553238
161459871
155970495
162192021
154566657
162673017
154432794
163837662
161824509
156870747
162407232
155428506
163306119
155365881
163648743
163947312
156450693
153309378
161639457
153049560
163136475
162094515
155748066
162887232
155354412
163153713
155637786
162877620
162464100
155324538
162568554
154915260
162508479
154254372
162627567
153414927
165426942
154077471
163063716
154931652
152177889
162999087
152602845
161619027
152641437
152669346
162560196
151976121
161723313
153243144
151437075
153081306
153272172
150293655
161586375
151611750
158501250
152265387
152351880
151147608
153022158
150709515
159386001
152723400
150327264
160543467
159456870
152693757
161883339
154668894
161942238
154061340
163644306
161944914
155901585
163084377
155641059
163442514
155892561
165040728
165060885
155865744
163019844
155416887
164550603
154803072
165090099
165669849
157605120
163654215
155823030
163910235
154632867
153484821
159977337
153831459
161696079
154743015
164499960
153529161
162888450
161505918
156006183
162920625
155667684
162414879
154648905
163222839
162424635
157022793
163564983
156100005
165248211
155056569
164810892
153735219
157373766
153046131
162268938
154398576
151996734
151338591
148530486
149374821
158484273
149870610
148966656
161115123
152117484
159934377
151532448
151843002
161241219
151761888
160194579
153016911
151581114
161169396
151595754
150184194
157807212
152155053
160486431
152076201
160841907
151273221
160538931
160701375
155139072
163215231
155055387
164933334
153433632
161424138
154732092
153127059
162295272
153231366
153421305
162557751
151358934
161350899
153606984
151125024
160131213
151885602
162249948
163445256
154165161
152366148
163053972
152967480
160273044
153961422
151704747
162281628
152702661
159525258
152749257
150887742
162613440
154168830
152189631
163074708
163019676
153101403
163086564
152080359
152631231
160806972
150136134
160675539
149397603
158952954
149874570
158701887
149709408
149111784
159619869
150671256
159994734
152742300
150696852
164002794
153417741
151846620
150834033
163257702
162196023
155692779
153178059
151108698
150172548
162111930
161124471
154235673
163455603
155679546
165310635
154423530
166110738
154445418
165109074
153898500
166089267
164730582
156729774
164527029
157027485
165606909
155718423
167584965
166952877
158390898
165918093
157582848
168540501
156961284
167928894
157868460
154999632
166959540
153898503
152166729
150635070
150512961
149801499
163434276
150769668
162936369
151277325
150323562
149843031
149318964
148722030
157176072
149004312
147497166
147465861
159433407
149235000
147797190
150283086
156965160
150884199
157317600
151642818
158446374
152684895
150587055
149190579
158804766
151458510
149129937
149298051
148951662
158681160
149529123
149427996
149573529
160012677
150977997
148960086
148441779
158312865
149847612
148500450
147900732
164589855
149990727
149073978
147050694
157641861
150171402
148635135
157433754
149692221
149292723
157970958
150776310
149512665
157704438
152200815
149616387
149435271
159466422
149793777
148890015
159446700
151021950
150590184
158034762
150800949
158852517
152333232
159430200
152209863
158750154
155165484
152386830
161611086
151938672
160406271
152410272
160361931
152589510
160499433
153777327
161236437
152156007
152253477
150133980
151071156
151762611
150573804
157411572
152039472
149812695
156776736
152563404
150232116
149008038
158755329
149534577
149086917
158948577
151056303
160195083
151049292
161699694
152251911
159272313
152266644
158174832
151781466
159544263
153094392
151833438
160645314
151626549
161227104
151902015
160332414
152966160
162172101
153355953
160986126
153136116
159920568
154661853
161012499
155361606
151716741
151668024
150661665
159937872
150151002
159851676
151554852
162153813
152492601
160330293
154135305
160123962
153124575
153025830
161842983
152990553
162421656
151860534
162256836
152971017
160746012
153418206
161692821
154329465
161061105
154298853
160149366
154190790
160868664
153858489
152701365
163239141
151939758
151837260
161908920
152007345
150850878
164200899
151557252
150967470
160436691
151372971
150281268
160297197
151386981
148873953
159192459
150557571
149272422
157476666
149841861
158175528
150993144
149886507
149089893
148081029
158039427
149542218
148024053
147847476
155904504
149110575
157089717
150580284
149296371
158549280
150510219
160837398
152285043
159674343
152041050
160308408
153113202
159306741
153484299
159900999
154789695
152125485
162049872
153234354
162057450
152659533
161987733
153128349
161385186
152931084
161298963
153792780
161340834
154089864
160550541
155738193
153072153
162966066
153203241
163065513
154791903
163143564
155321277
161961336
154414983
161735151
153570774
161852526
154538148
161383806
154153080
161066160
155471760
152861517
161991894
153197307
161794329
151695045
162832590
153347856
162342822
153643632
161733024
154737930
162185616
154304928
161126760
153962649
160771017
153554712
151731747
151041684
163307493
151040379
149893260
161533506
151121103
149915202
159581382
150737349
149712789
162071370
150465735
148907088
148277262
157741158
149177562
158217483
150831456
148784343
148859994
155850372
150950709
149081076
160717626
151036020
149942916
148681359
160226346
150191121
149570061
148463256
161435454
149916123
149442939
147970446
159103098
150410403
148789677
148104276
159178173
150205908
148680822
148268877
158211411
150998721
148837830
148095165
158411115
149878449
148986273
158250060
149991675
150061896
158495985
152250666
150040323
158446629
151590378
149509098
148546701
160547358
149860509
151145142
160473522
150803172
149049786
160310103
151079163
149867148
160364748
150804591
149196102
159458949
152159706
149662182
159942888
150720387
150834261
159419046
151680408
149617422
159958524
151592082
152024769
159733017
150938964
149973036
158136276
150439542
150083220
148717626
159724221
151385925
148715919
158948133
148587336
148872528
157355073
149103087
147802260
157513224
148739838
147761190
156620703
148285803
147942906
156422751
148803840
147687141
157349001
149033181
148010625
156581634
150037524
148682490
148551591
161616567
150155196
149192892
161279556
150419568
149701035
161150901
153533025
150832476
161837424
152133996
150857157
161824056
152881254
150624780
161692299
152199660
151443714
162211380
152866884
151911399
161197557
153023178
150361413
160605813
152835345
151107249
160274361
152869602
151673454
159886149
152972397
151369995
149614818
162989073
151545579
149878605
165517797
152565552
150862200
164335998
151111335
150539799
164144652
151513923
163773192
153533235
165469419
153555264
164379081
153042729
164680050
154475808
163835553
155818656
153644673
161550447
154187796
152334471
161080515
154331334
151783362
159924618
153057546
151818825
160187193
154028106
155233506
150164742
163413069
152191119
151355610
165464160
152269584
150799668
164671782
152190648
150852537
158796600
150970341
149423607
148645377
147287088
146838135
147145437
145595109
145656780
144740904
144945252
157074453
148053666
147074100
146843622
158438334
149258454
148074621
148064256
158021043
151308234
148907619
160866009
150010359
159212214
150702918
150089520
149744433
158313657
149993742
149613843
149035302
158735493
150230088
149145423
156744918
150493611
149525223
148514001
158236200
149990823
148413960
148546194
158037345
149198334
148526994
146119770
157244496
147404781
148629882
147265437
159516660
149685441
147233160
156523206
149321268
150290874
148107393
157918821
149823336
149422470
148263228
157921545
150008745
148755213
148111194
158874381
149565819
148435500
156444111
150039030
149215593
149218143
157984416
150552357
147901098
148354965
157777818
149457225
148841472
147015000
158427552
150406338
147933126
147416826
147452052
146184675
154953216
150173844
148631346
158662377
150500634
157258182
150426906
150333084
158118819
150802839
149067852
160671822
150315756
159412968
152250030
149569203
153266583
151524846
149418048
158148498
151280544
149374038
148571493
158564094
150721233
152867196
148464918
158058699
149636919
149181861
147787764
158399535
149087511
148759695
157020609
151014429
149045217
149088474
157013778
150455277
148975665
147408555
159909933
150157653
148750353
147852639
158144721
149399808
149291763
157066815
150504090
149450193
147652728
158285271
150346632
148869873
150436347
158475762
150334497
148451922
148169541
158057295
149685999
148804614
156103653
150917724
149862984
149595513
157103958
149886204
148320267
148201155
160002714
149707140
148578639
148060125
159790881
149628339
149240175
147131943
159080460
149865159
148724274
158275395
151286814
148930614
148048413
160019421
150155385
149388264
148458330
158276262
149330700
157233363
151566192
150782682
160496457
151612731
149537430
149061108
159660027
150455946
149116968
148483068
159322353
150119109
149235666
158061204
151563672
149806989
148842078
158077518
150674271
150006033
149434779
158746338
149770434
151991466
148062804
158229663
150223440
148864710
147709302
159324846
149553279
148379742
158152917
150053538
149116107
148826307
157785138
149373786
149464671
149034324
157364013
149572863
148145070
160182753
150415809
159845574
151935027
149932041
149257437
159728499
150158340
158573655
151498563
150725982
160591527
152383446
158850048
153237978
152075355
159804219
153542526
150749925
161437740
151478148
159661542
151496469
150235143
159933624
151265361
158486829
153026355
151992603
160865997
152151783
150764580
150603072
147895155
158955915
151447290
149656746
160411161
151259718
158542647
152197878
150271524
160120794
151696452
158950914
152785008
151164216
159951546
152219106
151106319
161202447
151694910
161101839
152793114
150849192
150652170
160813683
150498279
150085083
148261863
161375703
151035315
148840980
157964451
150483291
150251871
148539786
157786824
151014399
149227569
148608729
158436177
150186804
148903305
148819842
159901107
149590668
149248710
157634574
151933086
149158683
148968057
157994760
149823831
148909911
148234590
158181420
150012411
149239695
148603386
147448923
146644494
146044005
146252709
154842306
149865243
147563298
148041207
147589671
146846310
145999914
145140597
154431909
148848657
147616620
146714442
145913316
145264071
145563042
145915218
144551775
155721831
146730048
146993874
146614077
145422051
145714782
145661280
144843765
155735832
148798734
146885061
146303607
145824258
145221591
145690971
144598767
154189029
148274043
147286635
146860254
145608258
144835014
145919124
144943761
145297545
156761562
147150945
146919618
155906202
149350521
148138098
147199332
155950026
149095245
147847785
158991024
150549273
157833948
151589871
150127677
160472757
150547065
150926085
149424831
148158228
157701285
149885808
149482881
160199544
150155322
149385723
158623449
151030161
150545997
148882854
158869173
150961044
149608776
148636938
159178377
150614772
149365449
149267322
158439276
148914036
157818540
151139310
149961999
160399188
150859353
149556927
148592079
160390377
150400893
149762325
157755504
150127401
149580273
148789683
147776562
148844472
148672269
148499034
158995713
149784414
148581234
148428654
160351422
148534632
148354326
155710224
150745419
150213759
159582333
150944754
149572194
159378957
150987465
159080622
152423646
150516621
160460613
150971382
159315189
153760278
150944607
161003526
152058813
151202988
161082489
152174958
159682317
152462313
150748569
149668713
160118796
152063115
151252428
150606384
159440244
150046317
148622712
148751217
157451292
149290557
147921036
155601297
148878180
148047654
147669105
157304364
149399868
148734174
158559711
148689411
158360694
150428034
148880451
158288451
148742220
147594738
158412174
148438932
157820016
148050114
148528278
157356468
147515055
147591057
147481722
157529622
147842835
146262198
155216340
147698829
146522391
146377989
155348247
147390996
147210027
145783722
155923335
148269009
147336549
147001530
157349814
149124642
148133544
148029528
159170928
148884936
148253043
156643200
150409158
149467575
149068218
158273838
150679752
149249787
149382945
158477394
150424116
150022713
148831944
161045589
150396381
149840661
158865771
152023131
150691563
162007248
152159619
151368018
163844757
152017080
161408103
151963458
152118075
163995492
152700660
161445873
153786693
152134992
150786723
161746542
152597850
150668859
149323470
162675489
151029516
150411318
150035730
162056577
150604356
160619223
152168133
151609923
162382068
153116145
152556888
164419329
152242500
162640422
153056004
150614985
162228840
152478912
150949221
151478193
162320631
151888236
151624743
160304748
152701356
150866913
150908700
158309661
152866149
150830376
162860373
152332869
151144929
159814773
153988359
152025021
151217136
160180089
152425644
151093437
149142618
148517679
161285280
150955245
149685141
149486346
149220312
148040364
147444183
157959765
150579480
149546325
147823893
159661536
150688086
150385704
149026167
159419574
150360105
150618471
149468892
147928215
147132279
146267052
156639117
150451893
148898289
147923823
157751379
150634590
149032830
147964041
158947668
150873444
149393742
149153337
158969310
151188939
149632695
151307853
161788137
150977613
151150326
160593294
151607430
150962232
149233272
161710101
151541682
150146310
149753634
153852567
148587180
147670050
147212913
146874525
146623926
145292802
144904842
145108947
145144842
144284487
144517749
144245634
144393012
144259431
143179614
143257416
159546612
148073109
146579193
145884957
145431513
145943199
145040529
145237551
144418599
144634797
144021696
144317598
143775318
143878350
143509587
143884362
156343161
147382359
146416272
157071186
149646744
148015230
156789783
150114633
148558626
148190364
156808734
148388424
148236255
158776716
150502098
149368353
159047349
150798594
149506146
158799285
150543774
150015648
148674444
156786885
151657044
149415015
148292397
148063776
158041827
150173700
148955694
147817089
155459229
149792466
149342772
148828125
147359025
156859272
149379123
148747602
147827856
147254409
158461365
150167256
148176168
147396384
156593751
150322992
148841013
148751772
146824407
158140257
148365015
148099125
147243927
157620285
149736240
149287650
148070319
147211065
157047753
149263167
148503495
149678148
147132987
146789667
155973894
148417197
147885954
157761060
149984925
148983588
147750669
148683579
158637576
149974311
148637652
147931629
158630163
150595650
148901805
148918650
147289737
158426217
149625402
149120079
158712321
149908578
149350434
158503671
151760658
149267337
156603429
150525378
150589299
159437226
150800775
150706002
149151384
159408282
150276024
149458524
158542179
150932670
151111653
159443295
150880557
149777049
148101903
157221381
150641619
150462738
148462338
148021599
159135666
148965003
148676469
147726081
155715372
149927388
149184888
148154388
158093883
149957061
148726539
158975796
149940339
149232855
159562107
150060027
148942089
148805487
156568212
150542877
149485686
147597075
148334976
159100416
149204481
148073538
147195048
156281400
149530650
149062686
147933561
148182840
157614678
149859246
148555701
148218933
148472568
157835121
148741233
147744180
147755868
157854267
149498025
148257444
149110170
147111489
158043924
148350891
147864954
149563335
147518559
146675349
157006647
148583547
148618089
157723587
149148165
148347618
157613541
149639886
149444487
157314426
151659753
150043359
149052951
159310515
151002996
149785395
160286973
150814884
148627584
148827504
157740438
150183624
149557641
157644108
152609658
149615613
157552140
150502734
150000603
148364964
161965461
150343617
149568837
159858768
151336653
149737962
148434840
148269135
147195363
156913920
149577978
148860783
148436118
160663014
149213958
148734411
149606685
158113023
149458248
148741758
148398618
146752830
157994136
151338390
147689874
158562828
149059794
149427801
158505207
149843190
181411611
158008353
151433430
149787573
157998762
150864372
148816803
156919320
151251381
150125154
150375516
159559068
152914035
149166339
159860079
150174999
150236940
159733560
150211578
150422172
148922880
159973941
151032075
149959776
157967301
149486052
148629522
157878063
153022635
148397190
158200575
151335390
150496548
149532081
159052986
151120068
149236344
160747284
151231482
148774512
149326755
160005009
149826243
149334264
148815807
147811419
159996480
148960968
148214541
147837789
158054418
149911059
149566998
150230751
147154998
157344909
148354956
147327330
156852474
151930581
147583029
156289401
148892520
148443060
156828606
151486437
149046312
148224117
147114255
146982861
145958964
156822702
148092399
146980827
156825189
150978474
148873875
159060033
151218981
148983204
159617931
151423308
149526372
158275260
150335550
150539415
159265620
151368687
150411585
148820085
148106121
159160179
149524695
148838088
149147976
157068582
149435682
150132492
148154454
148348935
158425965
149860185
148736388
147927489
156954597
149718990
148849188
147955149
146824602
158556114
150081579
148408326
148164186
156943284
149107491
149368719
148434555
147698148
157680222
149618646
148647465
158452671
150943176
148552338
148168794
148091355
159995274
148982394
148183911
147318867
157285059
149187216
148177605
157282284
151468584
149611662
157956915
151223577
150130155
156849894
151105185
150419871
149781459
160367229
150244416
149196879
160274538
151125282
149408952
160903788
149766582
150716556
148959249
157621689
150331410
150323148
148749987
148316928
158706585
150288060
149150592
147481503
156676806
150854424
148758447
148648461
148228380
157437825
150225186
148475622
149367879
157217997
149375871
148707432
147729147
148016925
158078322
149434251
148711137
147562791
146872530
159039828
149121120
147812880
147710379
157242183
148692966
150078393
147664911
148335366
158738388
149097417
147000933
147268539
157042470
149620170
149070165
148069203
147120375
158309514
149851710
147768000
147877197
157268400
149576538
149212887
147959565
147903057
158542641
149132613
148501110
148745808
156365262
150155181
149407275
147552459
146978664
156911568
148952301
150008622
148182444
156206769
149179488
147831531
147219654
146423454
156820290
149319909
148133436
147010206
145876224
157033737
147948702
147886701
158739936
149775429
148879953
159791421
150478008
149403687
148625436
157523730
150615174
149907408
148623999
147596943
159217518
150642444
152096622
158791749
149959218
149246280
148691301
147876402
158095509
148738374
147613671
146866935
155608500
147874266
148481496
147600249
146781600
156293280
147973452
146477670
145798857
155426979
147505842
147871461
147240441
146797761
156415119
146967909
146715918
146460519
155334687
150205206
147176964
146593695
156130263
147291333
147696981
147180264
146117673
145333179
145762572
144907569
144768645
145383009
145059666
144619296
144336582
144073452
145267323
143827800
155459052
145312098
145265580
145373403
145816785
153780711
145853781
145422969
146243310
144950712
155378094
146874552
146678538
145388871
154285794
147457275
146801766
146261379
146394483
155431968
146987022
146303475
146394276
154820424
148094016
146464731
146393001
146094261
157333029
147721314
146485413
146561196
155836758
147331638
147434109
156420432
148786209
148647315
147125640
146127927
156787641
147923355
147952023
147046716
156375501
150021618
148922952
147251373
147144972
156244707
149756109
148442538
148251645
148160757
158876352
149469252
148630050
147377538
160647903
148991112
149250522
149556018
147678549
159058629
149635452
149233983
149374344
157489788
150380088
149249679
148840557
148268859
157676601
151297893
148526112
147822645
157939896
150112428
149137092
148728375
147998823
159207477
149860074
148162164
148219197
158387919
150329979
150345105
149591628
149870349
160583451
150129021
149106042
147930216
156599892
150485466
149359617
149185662
147567417
158736183
150385770
149058501
148619760
157399428
150422481
149001486
148776210
147716157
159475845
150445182
149403012
148067541
148043796
157647546
151291500
148846287
148299108
161553657
150296907
148913550
164284017
151558101
149747706
161137401
150174198
150475629
150194388
159126222
150779361
149438148
159471468
151757481
151615383
159839064
152337606
150980592
151154298
160043751
151697685
151191663
149671926
148479366
162466716
150880074
149007258
161810376
150959637
150155763
150006885
148992804
150621069
158530698
149603895
149025294
160522338
151394916
149466018
149367531
148995459
162104013
150173628
149971746
162275415
150998754
149189631
160528626
151406160
150034422
162415389
151682631
151003002
150476865
161555985
151105782
149962791
149528577
148396815
151494276
149831289
149594973
148893540
161203353
150693126
150034806
148737099
148418553
159919992
150973980
149050596
148732959
157574445
150875961
149988336
148789800
148168968
159637026
150920865
149169744
147775161
148241466
158355840
149720826
149404419
159900267
151178499
149953389
161242905
152150766
150166893
149545521
161899929
151099449
151979727
149095626
161219355
150317763
149482548
160766085
151749666
151226928
160199505
151355622
151482387
150347139
148991655
149012343
146748732
147117810
147019290
159986850
149217096
148127280
148086804
157656813
150318318
149346579
148190685
147296982
159390402
149619129
148473792
148564095
162574497
150330033
150353922
148501809
147843522
162468810
149649555
148781655
163185459
150190104
149380422
151143120
148544208
147114147
146894316
147066672
146147169
144986712
146079360
144527343
144268587
144461802
145045695
145007067
144170379
144587613
144295029
143743104
143540148
143856168
143629410
142859937
145419285
142818573
143250900
142634898
142876956
143466222
142909152
143377083
142992876
142769178
141962118
142942506
156147648
145891074
145201014
145554075
145877898
144591993
144297378
156385335
147400950
146283579
146287200
156333774
147954051
147084153
147368424
158299869
148714125
147473625
147267309
148575744
157230216
148698840
147809883
147368115
148248714
146583363
157506651
148714833
147663753
147180939
146800959
156168078
148710507
148172874
147548865
146532375
147066762
157572180
148932675
147474216
147554619
146116332
156048393
148324878
147406041
146828469
146620560
146639094
157119966
148105980
149006448
147596811
146820198
156175698
148384386
147016764
147039939
146350407
147055032
158073441
148330131
147964632
146812263
146170218
156594051
149182272
148120317
147727428
146471568
154789905
148652076
147654210
147189249
146405394
146400345
156109185
148491606
147684813
147629244
157150734
149054313
150269889
156028095
151076259
147835227
148728180
156897765
149465013
149560302
148685253
157409028
150466308
149123241
148691115
148520577
155779395
148747716
149220900
147587262
147748119
145984392
156515793
148614300
148366806
147840954
146723103
155680206
149084289
148404261
148109262
147481917
147396264
158791038
149267598
147890922
147216000
146820768
155638941
148408638
148545885
147417612
146836461
146392806
156683292
148173276
147659262
147092028
146376750
155132088
148261839
148182693
147632967
146619378
145971411
156520017
148323825
147457434
146544171
146580954
155125113
148627551
147609483
146288601
156845589
148444908
147817959
146603520
156426384
149500854
148341771
147357243
158132919
149031417
148364088
156914871
150907275
148691646
148133943
156358020
149986437
149170788
148950720
157750671
150065436
148669563
147940344
147714981
146910450
146112852
146815530
145166022
145437273
145424892
155122824
149756025
147214425
146610117
146193852
155242251
148219893
147171165
146532921
146059500
145749657
155483730
148306320
148448364
147373500
146307303
154910793
148891440
147965931
147196803
146455686
145646058
156414399
148235856
147584631
147088524
145909539
153819804
148591620
148261920
147632610
157372752
151619070
148752795
147990462
147293007
146776368
158518383
148724088
147441708
146862444
146430891
156889443
148524507
148325628
147259167
157493193
149936283
148098528
147395121
158210451
148806750
149117595
157038528
150292938
148981671
148423857
147410820
147036156
156700560
148546740
148921281
148048425
159686733
149158356
148080423
156557937
150146325
149411124
148859898
148352235
147129921
157242945
148912116
148448031
148049832
156973326
149075016
147961017
155865000
150825885
149016402
148701507
156308124
150249636
148815639
149283447
157182402
149671851
149145777
148415802
157492650
149535480
148255758
149964693
158578452
148909065
149149512
157003653
150705768
149552085
149301465
157560948
150363477
149503497
148543533
157725897
150831930
149653074
148555236
157940283
149875716
149259591
149089290
158404191
149593995
149126745
156662979
150317604
149298837
148319877
156942126
150049755
149491785
148436262
160114140
150337431
148727112
148412520
157801626
150156729
149791881
156947844
149482908
150047637
148812621
157498392
150276789
149251884
148051239
156834606
150233997
148828341
147858198
158705721
149165034
149221821
148088709
157922205
149445510
148468863
157251735
150074463
149046957
147734184
157365762
151881090
150014031
147374148
158386482
149731014
149106288
147648144
158119785
149584839
148206846
157526580
150420264
149418783
148672527
157351575
149657556
149266743
148197411
158041065
149797482
149432658
148135815
157347525
149723790
148972272
148083291
159296673
149498886
148099854
156351930
151741671
149586900
149387973
157423203
150084552
148495566
148087914
157531197
149910294
147952506
148249785
158786598
149633937
148154517
155705769
151173441
149408934
147790824
156647394
150052929
149300439
149128644
157523421
149503818
148999407
148050102
158774460
149035410
148432311
147499767
148017207
159614955
148006179
147946698
147099921
146490321
145910085
156954801
147354486
146400393
146983026
145328730
155747028
147235725
147645501
146763681
145063875
145437555
157369014
147798075
147581124
146042058
145328784
155835942
147861798
146660811
147079545
145789101
146774151
158330811
148405758
147415551
147938979
146691594
155719179
147943839
147155697
147412245
146234361
145611861
158074974
147681399
147056511
146394006
146438259
156365613
147477354
147063507
146660484
146710011
154324128
148871235
147581724
147523545
156075585
149791569
148002174
147050232
155987346
148306806
147858072
146781966
156938838
148789887
149706339
147214620
159898551
148665648
147645615
147269958
146865840
145875357
146363601
144942990
144944820
144699342
145063152
144041247
144172569
154136694
146151084
146370369
145668102
145212297
145261827
156005676
147892572
147117765
146784489
157471290
148769178
148216974
147084582
149613216
148755393
150673170
147694695
147389943
147489702
146218998
145054119
145870218
144814485
145380129
144126351
144350430
143557968
144159546
144220440
143773656
143643348
142809537
142988238
142393830
142550721
143191167
143250561
143133933
142624092
142640562
142426167
142940250
142736094
142831422
142436982
142110969
155033859
147679962
145856241
145579332
144776997
154680747
147282129
147564489
146951271
145549794
145084338
156176706
147777870
147332487
145909185
157680147
148748271
147313995
157332816
150068268
149031087
148274553
158597742
149220396
148639620
147492789
147176925
156030894
149980023
148267155
148240380
147815046
148772007
157710906
147527511
148565790
146933562
145992363
156289374
149265579
147955878
147529587
147093339
146384703
158121123
148298040
147113361
146954943
146793510
156460944
148608219
148144416
147631953
146924586
146184390
157029405
148040988
147949068
147461469
146588439
155999400
149442768
147315381
149267463
146015802
146704164
157631130
148751136
148088151
146766684
146549004
155502915
148737018
148771161
146649990
157029489
148054173
148662321
147404553
158044104
149133960
148845681
148358289
147222774
146636421
145513059
146319519
145782696
145529337
145426761
151722924
145726701
145936170
145793613
147995784
149352684
146269725
147070272
145504113
145460064
145923822
152022114
146164218
146380785
145453482
145040100
144997746
152231757
146927211
145885242
146569161
145510095
151420470
147540054
146266308
146217642
145188399
145274487
152574309
146403690
145671711
145855341
144774420
152154738
145996899
147659661
145479609
144797721
144928389
152189358
145761801
144941298
144504885
144005346
150422130
145442301
145308438
144972810
144903660
144979461
150038985
145465509
145247736
144923952
151834356
145997535
145651701
144694887
153267729
146013477
145080090
153874617
146342430
145988628
145279128
154553973
146458593
147573015
145705290
153737226
146886180
145761339
146244705
146095230
146180781
145489776
144382137
156060357
147071412
146641563
145857039
155755047
146104809
146686545
155803251
147600597
147909963
147019272
155946672
147067137
146655849
147107373
156362055
146732373
145665963
145507455
154339107
146712663
148137237
145567155
145360185
145437702
145199529
144142986
154155954
145863609
144450792
154200888
147444366
147295440
146230566
156396225
147847533
148196616
148065549
158883462
149780340
149843622
148592316
159779457
150193536
149116179
157789935
152415534
149873022
149712249
158560893
151124112
150084240
151686999
159900804
150440022
149446431
148988025
160326012
150687030
150830532
157838409
151350459
150661902
149907387
158434812
150863349
150015849
149747031
148901340
149196291
158898510
151278960
149586972
149000073
147759693
156756624
149958984
148616811
148092015
147864543
148011324
157937289
149444388
150106515
148702236
147191274
157038072
149004714
149369226
148752081
146825019
156354351
148783137
148572366
148734636
147273141
146607672
156487932
149541474
148229982
147952500
146799837
153768084
149874378
148469550
148281381
147344949
147656286
156467619
148038879
148711083
146994240
146607645
156645822
151838226
148491579
148130940
158484765
150859497
148708149
149010609
159857529
149915490
148966686
148431255
161004030
150562923
149828637
158582094
150230490
149807388
149141658
159124065
150550371
149564331
149046165
160106349
150614115
150296313
148812453
160585299
149878896
149301177
159623502
153458202
150029484
149497314
159089214
150696636
149446479
150182757
148958310
147457764
160556613
149901429
149141337
148514334
147185907
147425298
159927000
148754775
148626678
157820985
149966298
149035866
149288946
159492654
150563523
149046807
148473999
160290492
150579261
148944381
147860025
147247638
161621883
149565084
148463538
147617772
160167969
149306472
147926739
157534092
151134918
148376973
147897933
147723990
146667702
158245677
148140045
147906615
147303918
147135060
156456294
149078025
147889386
147266811
146772105
145893081
156929211
148760583
148409160
147984255
147763134
157397208
149734416
150291765
147550860
147374313
147362019
158636268
148991361
149216943
147022347
147390477
147182070
149173428
148468554
147485577
147947625
146473434
146662650
145574628
145875060
159668478
148102230
147084687
146863635
146330388
145243701
146028669
156785160
148411779
147479760
146746629
146655168
156291936
151097211
148073286
147435093
146828283
146460891
158011713
148872699
148341957
147501957
147134916
146885172
158545227
148862907
148692663
147825507
147110337
146466309
157787589
148730742
148579359
148285635
146740881
146543817
160317873
148835055
147855516
147851430
146679846
158434284
148533756
147127947
149981250
147372894
147248553
160094931
149256795
148213827
147475776
146505900
159185781
148827720
149656941
147999153
147030903
157194324
149142975
148824330
147524643
147860598
146324973
158490672
149658360
149131938
147407355
147216222
156971499
150508773
148951776
147612393
147703722
146407599
147008379
147772515
145674477
145701534
144393843
144979359
144307380
144247308
143886330
144354789
144153432
144064662
143491836
143503857
142909314
142882953
143070099
143278446
143379387
142919040
143086440
142810632
142854495
142431111
143268522
142132029
142811457
142771749
154653255
146352843
145339425
145762038
145514217
157851504
147987990
147055476
145604454
146775303
145619673
157733979
147919731
147020505
146560221
146729475
146437623
159031644
147301602
147843690
147157881
146319183
145494909
159327969
149033694
148468668
147187551
146719467
159086181
149035389
148144818
147327423
147258081
146919246
158410323
148658142
150109527
147268182
146323809
157838334
148621824
149187651
147156507
146563746
146388771
159204198
148479798
148145676
147175710
147364905
158938002
149266419
148758264
148280169
160260057
149722143
148632285
147685662
161743425
149343765
149079204
161090304
150785640
149125770
149151093
148287756
147918420
161246505
148423791
147337632
148178814
146569296
146174985
145348509
144516189
144289098
144984786
144483186
144818574
143625222
143748747
143096736
143043897
143486703
142570902
143802096
142472808
156253866
146020098
145859754
145110780
143896704
144662538
155913132
146659503
146588916
146362320
145910610
159101763
146940618
146126526
146074335
156009894
147770685
147380085
146464374
145926219
155146923
147733692
147625296
146919219
146031903
155594091
148043043
147525798
146597499
155607255
148357536
146974410
148199202
146078259
156650307
148452915
147781074
147606384
155865564
148365957
148286106
147207753
149310042
155885631
149213157
147691821
146818881
154903557
149078559
148324188
148296576
146354595
156556659
148063536
148272177
147567273
154958823
150719940
149489445
147118539
147425505
156374877
148260969
147759447
147461496
147263508
157311270
147808518
147893910
146638713
156579519
149266887
147110682
148980369
146588448
146652945
145851207
145405947
144710463
144846609
144248187
144474825
144547818
154432242
146737020
146113944
145916805
145450287
145185540
144876336
155527200
147836721
146121033
146045991
145925727
145680501
153492678
148091394
146900397
145911252
145249821
145887084
145057188
154390617
147337107
147709902
146335659
145161048
144823806
145064535
154767738
145992672
146364129
145858668
154719765
147911490
147109410
146797635
146280552
155424060
147618393
147351345
146224086
154725381
147921963
146902122
146139327
146137842
154512870
147095079
146892180
146380410
146166258
156284319
148069884
146712459
148656705
155896482
148421259
147134025
146787558
147117147
156736428
148434861
147484716
147116628
155677566
148525791
148022328
147090864
146335341
156451986
148773045
147628251
147126924
156182541
148050111
147972240
147379773
146822256
146336037
146320551
155366745
146686278
146742546
145848843
146205426
147085884
153806424
148202142
147024315
146358420
145754829
145492695
145363296
154375713
147315030
146122596
146942265
146381499
155268897
147302307
147055071
146701500
153967503
147403770
147215676
147136092
145850961
155982654
147511941
147054234
146650467
154724256
148410087
147622722
147441480
146258796
157897950
148427787
148134435
148369242
146970336
157123164
147385611
147949812
146899413
157559394
148736391
147535593
147973962
146747298
157745016
148046562
148057095
146657976
154733211
148307736
147622251
147631452
146733414
157477479
147958260
146927007
146220765
154579167
147656892
148661661
147320571
149832843
156112746
148572762
147393216
147020448
155648604
149106168
147311334
147056808
146909262
146481288
145349751
156254145
148339224
147637923
146184204
146426247
145616253
145650882
156726018
147651906
146915484
147477771
146622069
145576722
156010815
147194928
147254091
146677035
146085579
145690044
147076233
154881939
147552018
146313474
146229783
145454331
156274263
147975909
146812476
146886936
145770966
146175108
145757817
144635997
144753807
154443273
147046119
145622826
145803099
153413523
147905139
147684894
147181620
146823084
155562597
148477767
147750483
146562438
145794258
156650613
148171956
149396976
146011611
156239541
149213175
146891589
147267804
147252486
156164322
148553811
147562404
147037371
156050829
149201328
148454613
147308115
145586451
156613917
148162152
147465426
147831402
156101058
148468464
148785240
147529254
147172989
156271773
149159625
147555228
146765508
146508885
156857337
149869908
148510203
147483387
156039345
148935648
147828738
147585369
146767134
157104282
148382688
147293787
147380757
155961873
149593896
148424775
147313980
146493126
146483223
145622697
157794108
147948441
147114846
147116805
146251005
145530651
155232924
147632451
146730372
146449872
146460753
146295693
147528135
155773896
148284810
146727867
145891647
145727532
145676847
145259796
155810823
146735469
146323443
146596215
145939326
145084110
144483990
144128595
144858462
144378990
144041295
143578971
143888271
153348486
145955019
145730781
145256118
144996675
156163821
147308481
146315115
145648479
145970073
147539205
155161113
147919371
147075198
147061041
145949154
146070969
146143860
156636756
147406923
146221668
146115255
146306805
145692744
155074245
147585045
147258495
147638751
144999639
145261650
144932370
155131269
147298680
146490696
146828187
145408443
144890949
145020708
156436917
147099450
146659059
146865120
146437701
145693848
154476342
147676953
147069462
146947179
145720059
144716262
145022580
155474784
147138972
146783172
145562775
145996179
145398312
145257150
156902283
146871558
146932641
146269863
145548870
145237569
155513106
147323058
147137379
146126844
145742805
145510509
144655935
157574772
146938965
148281753
145931835
146040513
145244691
145584951
156496194
147412779
147077874
145972743
154699566
148486695
147798846
147341373
146482419
156179850
148559535
147499803
146366871
155414916
149205729
147958605
147626829
147190434
155716221
148780236
146709504
147331665
147201426
157462101
148537965
146863854
148755618
156736179
148160193
148145787
147340314
146666946
156617319
148109997
147063267
147095340
155444091
149259714
147610401
146971176
146844285
156937071
148440714
147673941
147129660
155728332
148728921
147975774
147446232
146966787
156042738
148340814
147940467
146811816
146849712
157377423
147854943
149458086
146786307
155934000
146866095
146465151
146739732
146332602
156413385
147480489
147376599
147374523
155597451
147848763
148257696
147615219
146973471
157126032
148050003
148353567
148040145
148875432
146705412
155958963
148224663
147448017
147070848
146762427
145874040
145493355
156572676
147017229
148648935
147298587
146190351
145798767
144808179
157511472
147116259
146457789
146600967
146030892
145337274
156155877
146905080
146675304
146381241
145941144
145833279
145212090
155817612
147643290
147309069
146832831
155238150
148135596
147254232
147399519
146627004
156703335
148127457
147531396
147271176
157767321
148550361
148431981
147542757
146556879
156343584
148584579
148194321
146167221
146761686
146400525
146520669
145342878
145385217
154910655
146783769
146300838
146239899
145363524
156166281
147614298
146643408
146114958
155053092
148597590
148004907
146841516
147113592
155491002
147005058
147873507
149288637
154456458
148929987
147853035
147807888
146406201
156130461
148354302
147823047
147671445
147217629
158103123
148580391
147836052
146242095
156071205
147645684
147473316
146738658
146267481
157465446
148328097
147641277
146333646
156312105
148363128
147955572
147765609
146724261
156888510
149537562
149386050
147271869
155861628
149930286
147354372
146901582
147190461
145789251
145753629
145184844
145678719
144807954
155307060
146550003
145851735
145039815
155133969
147901491
147485196
147762057
146222598
146664573
146124741
152116209
146216781
146788389
146627577
146097546
145061985
150868767
146766366
148636584
145891920
146066601
144715356
144858051
152892780
145469436
145790172
145089774
145109826
145292658
150629013
145873011
145102353
145177317
145373481
144133209
144260313
150594468
145203732
145797573
144993120
144499239
144182484
144319008
150671157
145118526
145169310
144706998
144998418
144892656
150344562
147266937
145352301
145189917
145117833
144339459
144823689
150225195
145627530
145299099
145332987
144884619
144193446
144151023
150677781
145254681
144824709
144845697
150088038
145127523
145900899
145172559
144358182
151621029
145465068
145429809
145402041
145205736
151806612
145922832
145319373
145765602
153570711
146188800
145817793
145392591
145241976
151854390
146211636
145516458
146000547
150848883
146380473
145502817
145710489
144655062
150830091
146751462
145323801
146265585
145233039
152576463
146588247
145688175
146094033
149953389
146693793
146248269
145595982
145062117
151633503
146156691
145503345
147036654
150513510
147002610
145515711
145933845
144866844
151298847
145592874
145611420
146115807
151884054
147037386
146027757
145665615
145599060
145123317
144848763
151424562
145839123
145480929
145340175
145332429
144345678
144328764
151907415
144764400
144623622
143685228
144188622
144071409
150025854
146061012
146928945
144294822
145221729
144543384
143838087
148531839
145086396
144835113
144489264
145070268
144883140
144055773
148805286
145143276
144335088
144254391
144638901
143774409
149526951
146111346
146364699
145641480
145768506
151961514
148296342
147117732
146804628
146491038
153158754
148842198
147737037
149304576
153047187
148043748
148203351
147525843
147211383
154865514
149644137
147987981
147785358
153798033
149520720
148255848
148119492
148190211
155044743
148966734
148525467
148277220
153784374
150053838
149270040
148679610
147338898
155196213
148967631
149130327
149151465
153338937
150193002
148926879
151086084
147952764
154667271
149528178
148855833
147825276
146792127
156038034
149502624
148722552
148348881
155079537
148368156
148888095
148561563
147983586
158125059
148888230
148724385
148544109
156374412
149894079
148196586
148824717
148008558
158962005
149545716
149208039
148692423
148504686
146824176
149198271
146752644
146009541
146018244
145702071
145164840
144889584
144383262
146254401
146196537
146293437
145764507
146199588
144571011
145413426
144822528
144859191
144001008
143829036
144226266
143105964
143617122
154466835
146775831
145781382
145454343
145452606
144576624
144564939
144690201
144845538
145584213
143544759
144209196
143309490
143319771
153221817
146422266
146233344
145321857
144946989
156616347
147331956
146609760
145712160
155931954
148446261
147544284
146826900
146508792
156540552
148808634
148000167
146954649
147020085
146447817
153665193
149360715
148049547
147253389
146880720
147406971
147469953
156881415
147470430
147798432
148155423
145685328
145754400
154999596
147337350
146971734
145566282
145672218
146385870
145346733
155206458
147135876
145809279
146233536
146025141
145329708
144759066
155263320
148385151
146787309
146970909
146559342
145977669
155189724
148673991
147872376
147986760
146511921
149003829
146862480
157711050
147588174
147527778
147276183
146631627
145988361
155666331
148565304
147929922
146792121
147090363
146857260
145829739
155325105
147675891
146597958
146090451
145876452
145328529
145545036
155881587
146398737
146202738
146188149
145542225
144974409
155308002
147168603
146088558
148393341
145212210
145396476
145219962
155401041
146403441
146433717
146166888
145885893
145369980
154191657
148308429
146030838
146673264
147076326
146247864
146664204
156432294
148703838
147194898
147462576
146757312
146148555
154851975
147501120
147009762
147133800
145602456
145897605
145840635
155598096
150310290
147207237
146365029
145542744
145953303
145720596
156678810
147357762
147322980
145855890
145776030
145052118
154232739
148478547
147687978
146783049
146291367
145711761
145428630
156559434
147472629
146907216
146323935
146215491
146482056
155173437
147953283
146266077
146336622
145855005
146313048
148160601
155383737
147366402
147696711
146564547
146420748
145436568
155608428
148232211
147661515
146526102
146858094
158207898
147993909
147074598
146198370
145594983
158600760
147685140
146217030
146853357
146105544
156772164
149072730
148014594
147252243
147002835
159171486
148527042
147180162
147712167
158490597
149022840
147068205
147871131
146930286
158558610
149331228
148602513
148395351
155899839
149581191
148915902
148154436
147996114
147517410
146955330
157806093
148505844
148633359
148086348
146645910
146772216
145655652
157566132
147568416
146714622
146389023
145414164
156347121
146938320
147202125
149245116
145941357
146592975
155755068
147962940
148093884
147686613
146919960
146782818
145956762
157360503
148384539
147465648
147388008
146540832
146540361
156273099
147788664
146974512
147211338
146921568
146802084
146146476
156334614
148671123
147335724
147497376
146226354
146283213
146478966
157349031
149114181
147173862
146864196
145562754
145910046
155956869
148338663
146424453
146901537
146563398
145863876
145802490
156959190
147735777
147278178
146585928
145975416
145466886
155125617
147627093
146780703
146736129
145273902
146429064
145616388
158006412
147791109
147912921
147087891
146605662
158360568
150562854
147479445
146711310
146027640
157711851
148339563
147271518
147307374
146816853
158767578
147951753
147907194
147680934
157060632
149621607
148696038
147784857
146926434
158892432
148562115
148240755
146685129
147227028
160158183
149395134
147411504
147202782
158429055
148667877
148620147
147023583
148876803
146623614
147134406
145761240
145307424
145400469
158811300
147793506
146667414
146972982
145949016
158024211
147733950
147684393
147128919
146541165
160870611
148594506
147983301
147286095
157978815
148342107
147912639
146976735
147706020
159377208
147710898
148373190
146545986
156911073
148358052
149910942
147613533
147286281
146124609
145568775
158254641
147611100
147393009
146786358
145702662
146292639
156903624
148776093
147343464
147162534
146175384
146644905
146608884
159039864
147348903
146598669
147278346
157450569
148861521
148229889
147224457
146705658
160215696
148994295
148262916
147972255
159502725
149761836
148997523
147955503
147687561
146755932
146172342
158421165
147848610
147586965
147480924
146659719
146336709
145254507
157059141
147444195
147774072
146564442
145872738
157332078
148756740
148264938
147388458
146560473
145980741
155450577
148588950
147370755
147012231
146648790
146173191
148158222
156119970
148086912
147545076
145777362
146899710
144921840
145151427
156913443
147178347
146705067
147534618
146582109
146206749
156091521
148036596
147140811
147036945
146695359
146581230
146619615
159123291
147316461
146971812
147061197
159166887
148360050
146908458
147443211
146562594
157100496
148600482
147415548
147098961
146457006
145981644
145905663
145859643
144695469
145414017
144835653
144549576
144615714
143651217
143690103
142778550
143034198
143455608
144980748
143637366
142655835
143022408
142775370
142952385
142267032
142606080
143198292
142396929
142284555
142493955
142332306
142286409
141794286
157296225
144509493
144533211
143999754
144018282
143924070
143343297
144097440
156542739
146021100
145692603
145707525
144916923
154500384
146117526
146623791
145998675
145822428
145316916
156480759
147308490
146923080
146654745
145948035
153727608
147706308
146702460
146597301
145973901
145656117
155776854
149053989
147393294
146260164
146125569
145191597
145530117
144758073
155907717
147038373
146187054
146136087
146613897
145491123
145097940
145387653
155918997
146605356
146634888
145778148
145273791
145139364
144792297
144400125
155566191
147438921
146309010
145759917
145309581
144477978
144475527
144191511
155577051
147671661
146035434
145788675
145445184
145700766
144095220
144424998
157581027
145937589
145504437
145931490
145509771
144817194
144271995
144666675
155935590
146842845
145498680
146315634
145612086
144971340
145286118
153625911
146670534
146124093
145898511
145059909
145480098
144859491
144549369
154113057
148874133
146326014
145698390
145776600
144684582
144815310
144640200
154158228
146633400
145955583
146155959
144574479
145802418
144769044
144316893
153573069
146840706
146053365
145632924
145401060
144654438
144249177
144698706
153663636
147225615
146377674
145364241
144669021
145862415
143587713
144511941
153653910
148660761
145988898
145690617
145873398
144823431
144602700
144520662
153987369
146872926
145835499
145491726
145116831
144685647
143970669
145083477
154482480
146742405
145603629
145727202
145721415
144718596
144911817
144145854
153716481
146932923
145731675
146094528
145694205
144349008
145279647
143892180
156487995
146383236
146331714
145221918
145540161
145739514
144898164
144399330
154707693
146002458
145812225
144933168
145452429
144738963
144479934
144265224
153737559
146758524
145763334
144672243
145627170
144080400
154971813
146216994
146080245
144619200
144880236
152381265
147028770
146391159
145561695
147405993
144775941
155637762
146948199
146376741
145560201
146031558
154039710
146766684
145605063
145440633
145473180
145295247
155050920
146237835
146261031
146491518
145765677
155061558
147873864
148415367
146898339
146500905
145832427
155777991
147481974
146968755
146598174
146499372
154917471
147685617
147753279
147229185
146468796
145931637
156161112
146834814
146705382
146996838
146012295
154499778
147998934
147970080
146825898
146467584
146073759
156375504
147574140
147080604
146361996
145436763
155241855
148102833
147171120
146662038
145801740
146025474
156131460
147796524
146442915
146945799
146406198
154260876
149899773
147168612
146001690
145944576
146034390
155817417
147874260
146600412
146436297
146231850
154617462
148068624
147480324
147159708
146341956
145950555
156183258
147537633
147408003
146115567
145683678
155345367
147447690
147128553
145970847
148058442
145633860
156627072
147145359
147885744
145969422
147161559
155173299
148762599
147581472
146842032
146787996
145527369
156959430
147558585
146832900
146744697
146352279
145959465
145163652
146190588
156548424
147086079
146303448
146830872
146240949
145905750
145533192
144854046
156460455
146854290
147484056
145895709
145857033
145220472
144688263
145084947
158068437
146590947
145979979
145833168
144748602
144601944
144618759
145262580
157373529
147184149
145509444
146187717
145165092
144569457
144502935
144051720
154882131
146442459
145774131
145623420
145383048
145061676
145194645
145560015
144574347
143957730
144304998
143266683
143822532
142986534
143190348
143814909
144053685
143273238
143075346
142829559
142962327
142668312
142840734
142518450
142932417
142974042
142402401
143112600
142347153
142597086
142402935
141941841
142267596
142833645
142399542
142608009
142336767
142534821
142195734
142351641
142954668
142643439
142317165
142107720
141929631
141564090
152821050
146292567
145369932
144504969
143916255
143741100
143487720
142813902
143239233
143144853
143022831
142767948
142376982
142702200
142492281
142301709
142197384
142101150
142705464
142379811
141800787
142429743
141779379
141512544
141877464
141525876
142502889
142289703
142217667
141945147
142167543
142055934
142292505
143627649
141939534
142633971
142150857
142419849
141963642
142187334
142162473
141815301
141744939
141885897
142005462
141851436
142245597
153555948
144528648
144915432
144708858
144242091
153502659
145764954
146129025
145928811
145063377
144906027
154708344
146448600
146239389
145495911
145141305
154215873
147422769
149035590
146592561
146056248
145575915
155905893
147132879
147143067
146241171
145768722
154922607
147676011
146355801
146478966
146033529
144876228
156024756
147229563
146868546
145998186
146759721
156399474
147455814
147760362
146599761
146428119
145951620
146328237
145350714
154953519
147394236
147268551
147838869
145232655
145590552
144788394
145144302
155545887
146378850
145924923
146144166
145246869
145675239
145428738
144705444
155144295
146096586
146389758
145938630
145774932
144520617
145236834
144352179
155380203
146967933
146524950
146008920
145077657
145044945
145292892
144535872
155404980
146808450
147454074
147362112
145541487
145374699
145482657
144171558
155676978
146517702
146703897
146344395
145257459
146016057
145105218
145129221
155822964
146564901
146579043
145393008
145922349
145232658
144473844
144546957
156288798
146157549
145789296
145587978
145077048
145236252
145040796
144475749
155166411
146254851
148587327
145591428
145526811
144718725
144485970
144334806
156190356
146128329
146497608
145957035
145289373
145511856
145065987
144453075
156042399
146427108
145696404
145298418
145469220
144605451
145038882
144487518
156009480
146170653
145321125
145295211
145729794
145394442
144373323
144636699
156433341
148491264
145999377
145267431
144762054
144520557
144429096
145106157
156436713
146198874
145345404
145300170
145686465
144923439
144370386
144246774
154574778
146148252
146435085
145253559
145298856
145097163
144823554
143752782
156102153
147107286
145932801
145935474
145620471
145311489
144934953
144885300
156557544
147813315
145264149
145572228
145728273
145010286
144343320
143675031
155033874
146525943
145913253
145460097
144836082
153149094
146716821
147234945
146692983
145968108
146019486
155382954
147382479
146427273
146478711
146267148
154850805
147542340
147886797
146220852
145923558
145682280
145585569
144855114
156541791
146646969
146611200
146473377
145710513
145969020
145174932
144338091
153584139
146227458
146377833
145543164
145335870
145401639
155701755
147168021
146537031
146164746
145813497
154020333
147806778
146603352
146581041
146194959
145145985
154587612
146857473
146839305
146806548
145772706
154857192
150178731
147622356
147104823
146269242
145872453
155420496
147351720
147236355
146318325
146061507
155416404
147697737
146067549
146943291
146695977
145791918
145394832
144861402
145136184
145099107
144824472
144343671
154805391
145483611
146001870
144627999
144374190
154374537
146356566
145557834
145072014
146884848
145091025
154941150
146096184
145783896
145884675
144960621
154198251
146942502
145556856
146009568
145218834
145450497
156868782
147056952
146304108
146378895
144988905
154448502
147916770
146846883
146162487
145142025
145329597
156587964
147697734
145976343
145930893
146294082
156124038
148807005
147587145
150080760
146616939
145784505
156259182
147367026
147599667
145814928
146177088
155893797
146609418
147745503
146668545
146130681
145812261
156983121
147187896
146762313
146230332
145961112
155729550
147436266
146434014
145950627
146779554
145511844
156902040
147661137
147215451
146331318
146875260
156055452
150131691
147049854
147120267
146925783
145849665
145348362
145166898
155503476
148040184
147588579
145880277
145111011
145287141
144625383
144723603
155040951
147044406
146407794
145800804
146141016
145801500
145874817
145091814
155286579
146776566
146476902
146474445
146647638
144950586
145538025
145085292
158298576
146201787
146485842
145455585
145497996
145631811
144678852
144418830
155244111
147098901
146057583
145850385
145907259
144746256
145085067
144856104
156035553
146445714
146305242
146061588
145045950
145538742
144899865
144943578
155733222
146206233
146303376
145541718
145554984
144997161
145145277
145501572
157779051
146948394
146799003
145999134
145054779
145050342
145744617
144499479
156352119
146077854
146135676
145629753
144840144
145382553
145269315
154553208
146989695
146504568
145876662
144935193
145151175
145403535
144501795
154356627
146947833
146034624
145566246
145302483
144577941
144435462
144720621
155910453
146388717
146764665
146254203
145278525
145635054
145302630
144307371
154716072
147236769
146082693
145677795
145342176
145707672
144671604
144221952
154783212
146389218
146249025
146390934
146220945
146172627
144719679
144947610
155027430
145315650
145949535
145346496
145696464
144543918
144609735
145987143
144156636
154536270
145980993
146117133
145817394
144909249
145019529
145904979
144284973
156005562
146240385
146134116
145196706
145136277
145500183
144697890
144386685
155151189
145980606
146235591
146089527
145192848
145041771
145072656
144329049
154376457
146287644
145803702
145867281
145703031
146114298
156418596
146631768
146506131
146109744
145267530
151979568
147271683
146476116
146620980
145707309
144824982
151742364
146701587
146713515
146152047
146068518
151133001
146598474
146084058
146361657
145136988
145832817
152371407
146942466
146217291
145546638
145482444
150894324
146044707
146051553
144877518
147626145
145006605
151342278
145731141
145549503
145905732
145239465
150372486
147034500
145460112
144931809
145117929
144400788
150636372
145638267
145707378
145451973
144513597
149354643
145960371
145857024
146056314
144918888
144494769
150813270
145150035
145384356
145158210
144948057
149986449
146468442
147299274
145488618
144927888
144184719
144792291
144517929
144391965
143837733
144755364
143646477
143837934
143328876
143568552
143098356
143123607
143103042
143522724
142938132
143410281
142614252
142657467
143006751
142757358
142714431
142666263
142467378
141930303
142251960
141974355
142019706
142716153
142083579
143944071
141720735
142103661
141958815
142366950
142060827
142099608
141830547
142123119
142141011
142252884
142647156
142415628
148552839
143207850
143790816
143115426
143853285
142909293
142945332
143312001
143115378
143075508
142231998
142292796
141995886
142575666
142575912
141873729
142347708
142590630
141724761
143731614
142057302
142238043
142285911
142123437
142088352
142408647
142410447
142217721
142114932
142151898
142016889
141935676
141568710
142144497
141969309
141957633
141800232
141884523
141949239
142072182
141420951
142181796
142919811
142062639
141859248
142202184
146295717
143474064
142503249
143036271
143220828
144753261
143120472
142972428
142980126
142448544
142777260
142466526
142542543
142705047
142547739
142645947
142647339
142240101
142196610
142088793
141895089
142152093
142544412
142261179
142615242
142115814
142326612
141708135
142263558
141971397
141768585
142124997
142226697
141695307
142053465
141489840
142032156
144189675
142320444
141844437
142149999
142235928
142635519
142111758
142174458
141610506
142040745
148640148
143591832
143317317
143180211
143385096
142591566
143224146
143349177
142962135
142456344
142861071
143443506
141993660
142408953
142418376
142462326
142482600
142356288
142317384
142115460
142101441
142228683
142121520
141952857
142056408
142144155
142190964
141898308
142186128
141966129
141897843
141826137
141955491
141980637
141860208
141792648
141923655
141984096
141686847
142158132
141913143
142284948
142382151
142501785
141963939
141700191
148484397
143443491
143332989
143369811
142921071
142808643
142737975
142156569
143226726
142815801
142663026
142307697
142760106
142468770
142392693
142744581
142592556
141634362
142286850
142322820
142345191
141947292
142295904
141791952
141686877
141643158
141750912
141897714
142237065
141777963
142094304
142284108
142056519
142153584
142304955
141794223
141745914
142673394
141849597
142029435
142224531
142724850
142123146
141571545
141761496
142457529
149093205
143000214
142804638
143559222
143193852
142840572
142703244
143203734
149605755
143528070
143218722
143382438
144340260
143025399
142438362
142660500
148412487
145151826
144312930
144169311
144685371
144167403
143971026
143292510
148584726
144554154
144678528
144057216
142851489
143811768
143787228
143840391
149016771
144642537
144691506
144487920
144497430
144048399
143771565
143400810
149724855
144289977
144381096
144136596
144655191
144194508
143899566
143257077
148669782
144285903
144980751
144012165
143758899
143729355
144133347
144054804
149095215
145328232
144892026
144630396
144411633
143773260
143973585
143370579
150290427
145001463
144686037
144918738
144063453
143909229
143598954
143724318
143132100
151277391
144444783
144631341
144608037
144806679
144447126
144029973
144136083
150465315
144408483
144497742
145034868
144497556
149970282
144993087
144786060
145446486
144531315
143900685
150363411
145013787
144950844
143957598
144056742
149863794
144958596
145545375
144536970
144701613
144575556
150574164
145511208
145647114
144852039
144943011
150146262
144881676
146092344
144996000
144748257
144824235
150440685
145968921
145776618
145665132
145176435
150444717
145562259
145859892
145447008
144951057
145586349
150408219
145362876
145669611
145747080
144708525
144624996
151705221
145154115
145345437
144891354
145201086
149878785
145750446
144694242
145072509
145196571
144823950
144292239
144513150
148293312
146331951
146133810
146258493
145342821
145360725
144882516
144995772
149417079
145667181
144697239
145252449
145833987
145002954
144559956
144228465
148530048
145065549
144841659
145050774
144690939
144474021
143892558
144261000
149507748
146437395
145306254
145014198
144845706
144727782
144705855
144751290
151400688
146283498
146948268
145967859
146210268
145538364
144755379
144965070
151275495
147349608
146142960
146151381
145539240
145114860
145560537
145498452
144270759
144438279
144339693
143710566
144239934
143848704
143814687
143643294
143624808
143390433
143615868
142853058
142922880
142915161
142903302
143070012
142815237
142776918
142713930
142458906
142491063
142596003
142446504
142601406
144047460
142395615
142306947
142046238
142446789
141908940
142342878
142486242
141924537
142497948
142319109
142869546
142332726
142141815
148022868
145544061
144521142
144197364
144229938
143999832
151641438
146284638
146180214
146534226
145270635
152093628
146589873
146800056
147205455
145657281
145832670
146808279
145438959
150548610
147511518
146924436
146379648
146306385
145022289
145000965
145112433
151419945
146800506
147094008
146371794
147106641
145932876
146691645
144945615
152112177
147579615
146663004
146852592
145537047
145600008
145409898
145092693
152291103
147101439
146119644
146429397
146364909
146027706
147529251
145530162
151277478
147850503
146800548
146432310
145848627
145120869
145321350
145687464
151441821
146842509
147156717
146508963
146167860
145789659
145757931
144864936
151079073
146774619
146682330
146499840
146269254
146014404
145485309
145635393
152206446
148323993
145825539
146952042
145941675
147709902
145170852
145481088
151921536
147766254
147331965
145771140
146181684
145866090
145251681
145169982
152162172
146927319
147005949
146314824
145449267
146116380
145244376
145238676
151969848
147367500
147409299
146744586
146322255
145664199
145434435
145390518
151878015
147104160
146040309
146700216
146165127
147649359
146105427
145216410
151477164
147425946
146646114
145903725
146014284
146014308
144841722
144670365
152262840
146991279
146375226
146705364
145665786
146294814
145073556
144770289
152494836
147012600
147363843
146802423
146062857
146358963
146344032
144854145
151891425
146783535
146867037
146801982
148749663
146074098
145580439
144930150
152447691
147091371
146952426
146238615
146070075
146697633
146216052
145338435
152772852
147458796
146976456
146522904
146274852
145789209
145662978
144996603
152066298
147252957
146896743
146171193
145521441
145812228
145767309
144433713
151811055
147365469
146664660
148298652
146558217
145524270
145510179
145538739
150054414
147794139
147048516
146430639
145423374
145795335
145291608
144913980
151854018
147031356
146504892
146871837
146231196
146604765
145143810
145785321
151639791
146585253
146188590
147067782
146413830
145840293
145248765
145216776
152898933
146892555
146206542
148480422
146073774
145574787
145203150
145271694
151617933
147981228
146839083
145986957
145674936
145797366
145305444
146150658
152781414
147416580
146579352
146848173
146090316
146788335
145258296
145941669
153172893
146712483
147055872
146318037
146089908
145883976
145329150
145325640
152508363
147285912
151451253
146159718
146281302
152049804
147756369
147286857
147403860
146001963
145981302
153732123
147853896
147557748
147796041
146868657
147044619
145783485
145581009
145698870
145129443
145569378
152699994
147786000
146112369
146340906
145623588
145344672
153788637
146578839
146618604
146486793
146517399
155259843
147590034
147426501
147514257
146797806
146596347
153768012
149022834
147601323
147417267
147163734
154991814
148972251
147547803
148312920
146423451
146606508
157473645
148116738
147871755
148341402
148267839
156417042
149465922
148302012
147639897
146263527
146825604
146284170
146523255
154650450
148744161
148781079
147446571
146668230
145988076
145544142
145727064
157305843
147518118
147335610
147009474
145876011
146029596
146049849
145312737
155265525
147068466
146919861
146009601
146314596
145743420
146070327
145526937
155758548
146102499
145664340
145922895
145023015
145368192
145581855
145468494
156029520
149002464
146781219
146581281
146180583
155511927
147836571
147212754
147079905
145855578
146515395
155650020
147841278
147851622
146064036
146460879
146987061
145393656
145592952
155133000
147177801
146894214
146177076
146567841
145813845
145040328
145110084
155919759
146736555
147027798
146448399
145822848
148451835
146161017
145357584
156024453
146595087
146505408
146545671
145552305
145614780
145149279
145584711
157326954
147172626
146622282
146287566
145201416
145328268
145965912
145230993
156532278
147312927
145882395
145973373
145875804
145491873
145190316
144843570
145315470
145113714
144670683
144281703
145514694
144983151
143426439
144041142
154791576
146080404
145297398
144814824
144994419
145530312
144766890
144484224
155390403
146529972
145909347
145820910
145202475
144703296
145051878
155467095
147951156
146977056
146306778
145701066
145925976
145052835
145115847
154990710
146973306
146554749
146065455
146413455
147954945
145727235
145184808
154906425
146478879
146738286
146331177
145412370
145983426
144662655
144755193
154305765
146912586
146956371
146133150
146154039
145753953
145486662
145478382
155145393
147067785
146139774
146872197
146010351
145194900
145138686
145260621
154346997
148417068
146283588
146457192
147752283
145699095
145104579
145640889
154932606
147413967
146443257
145622667
145962309
145839840
145800942
145482306
155987928
146476950
145840830
146440620
145952040
146098626
145777347
145243014
156921798
147720444
146349897
146555469
146656239
146097312
145293684
145598430
145843023
156603480
147064683
148273632
147307959
145524396
144950484
145404054
145128204
154887885
147218247
146376261
145934961
145835724
145636902
145456305
144648645
156662751
146983209
146671314
146686380
145852923
146147175
145166088
144760119
157331262
147678138
146045064
146885616
146065041
145968480
145273197
145086258
144981135
144886086
146868975
143959380
144613767
144077145
143844696
143512089
155027598
146308860
145403259
144752751
145083768
144365565
144453462
144562197
155934720
146484333
145934634
146078448
144986691
145222941
145159368
144448755
144861768
144038706
144609018
144469341
143645907
143738037
143663274
143334669
154830159
147225684
145325460
145363446
144973506
144508854
145314993
144641379
157146444
147254166
146692944
145944633
145677645
145548192
144649479
144746673
156101271
146128011
146547396
146086917
145648575
145016235
144982473
144818055
157323633
147011328
145870248
146464395
145954551
145003572
145579236
154982103
147320217
148910724
146307567
146619348
145863489
145155066
145017753
154351965
147935766
146759505
146271330
146099886
146081694
145767117
145162623
144883773
145372791
144453927
144483936
144112893
144108729
144012921
144152775
144037710
144178935
143823564
143624859
142717053
143399517
143042067
143256534
143624439
145491084
142797906
142406970
143731554
154747113
145578774
145534569
144928980
144762417
144701556
144221013
143992008
155348808
145914273
145954797
145748607
145376019
145332654
156542196
147614970
146871426
145951020
146610858
146224107
154983999
147016857
146730729
146004543
145129485
145408302
144295599
144835320
158607942
145667154
146459382
146359698
146426283
146145786
158196132
146870577
146712810
146686599
146300307
157569213
148253760
147518352
146782449
147071757
146189619
145971588
157741101
148262280
146841843
147983970
147408603
157193277
147962817
147472869
147283077
146918712
145978419
158261256
147959409
149523075
147568338
147421176
146740899
157171296
147260253
146613717
146427702
145886193
145487112
145366989
155296959
148123722
146853783
146822754
145865208
145865868
157987599
146833626
147109062
145569303
146470473
156670308
148027647
147836619
147121221
147303789
146287392
146352927
158235306
147743397
149431779
146712264
146858988
145926093
158718594
148805031
148016826
147332265
146076300
146585283
146182752
145151820
157540371
147217065
147039291
146796834
146908290
156777897
148312404
147687090
147369624
146381208
147277536
157906140
148547004
147753399
146957004
147063663
146273892
158471808
147604167
150415230
147330333
147511254
146480247
146644992
145492797
158780535
147401151
147747990
146740416
146665290
158795940
148844706
147547842
146860371
146865522
146604798
159197778
148731102
147889692
147299856
146738271
146429505
145647456
155499717
147426732
147736086
147447321
145942485
146395563
145258029
148393626
157271850
147529038
147389751
146880999
145995654
146044683
146071980
145601178
156121260
147885501
147377547
147151182
146642301
146403309
145331451
144617883
157406469
147197487
147438108
146332653
146570610
145984116
145638957
144718215
157250442
147144738
147403140
146799153
145764573
145667271
146223930
147238701
155966667
147992613
146222019
146876781
145473078
146036457
145692717
145982958
145237002
158204616
146698071
146761302
146406816
145631262
156279942
147112371
147068082
146406531
145865877
146024595
145886346
145823493
156339003
147793557
146421333
147372090
145690644
146420967
157869660
147577779
149635071
147047652
146047755
146760861
159575106
147990834
147504339
146900130
146765994
156252858
148223790
148084677
146759391
147361509
146721240
146114424
146228508
158124996
147790218
147606081
146854287
147220326
146657283
158952816
147902625
146777367
147481911
145715307
157137021
147867243
146921001
149465874
146731761
146310381
146301306
146053275
146109051
157172481
147136257
146695851
146564769
146611473
146075970
146629278
145357014
145050855
158868045
147788973
146844561
146481975
145538244
145855323
144496569
145237827
158716617
146261427
146773278
146533563
146180718
145984797
155879895
147099810
148220643
145988556
146480202
145949133
145892340
145420260
144832755
144979302
144355575
144043671
144684795
143426748
144272130
143545125
143392257
142853847
143387361
143549616
142924176
142828221
143163108
142628517
142940841
143055603
142287717
142369281
142547370
142272924
142331664
142421745
142782183
142881825
144191667
142094313
142458873
142375272
142373991
142030497
141941277
141850194
155029437
145042554
144722592
143997003
143976369
143880939
143779395
155222166
145470438
145391838
144894660
145039248
144651225
144340563
156055647
146757147
145525548
145537392
145295076
145485225
155328612
146557509
146032407
147782652
145533069
145657083
145503285
154847964
146132361
146580045
146196147
145579197
145401726
144768675
155954199
146755209
145969698
145047549
145552245
145278174
154201914
147148176
146402316
146609604
145781673
145553205
145756329
154731015
147055164
146895243
145991055
145825368
145310625
154241673
147267546
148139061
146372451
145744926
145677111
145448607
153707475
146431284
145719999
146312811
145039359
146006856
145504863
154335768
146478354
146339952
146074173
145218756
145331286
152267094
146583456
145844154
146226276
145315221
144953436
144984141
153953247
146005944
145784175
145200285
145521618
144693753
146305839
154355568
146155293
145803222
145941030
144819078
144838788
152936889
145953612
145468968
146193057
144441015
145451334
146034306
155543109
146756382
146788308
146089326
144724290
146471229
145517169
144844602
145199853
145255782
155447028
145914387
145867944
145784886
145318659
144959859
145297575
145984407
144655359
154019538
146051874
145750494
145084734
145626735
145836888
144798930
144562326
144836457
143933211
154207983
145816290
145931319
146270820
145612266
144212259
153753360
145810758
146148189
145763601
145589430
145318503
145280226
154115046
146317842
146776653
145685592
145303125
145826763
144951816
156812706
146828976
145800246
145510578
145955490
145054962
154311261
146678610
145935189
145956330
145690503
145499007
145053027
154010088
147216459
146020341
145697982
146570058
145156446
145123410
154770417
146622153
147029595
145818639
146419560
144942237
154516167
147097155
146331885
146722596
146388042
147916239
144964290
154665303
147985659
146507532
145754364
145465332
145841013
153724257
147842406
147159978
145223691
146015880
145966542
145087638
155187897
145654662
145339572
145315575
145008732
144655389
144579528
144570729
143834739
144033570
144244941
143265105
143320815
143242848
143556033
143102331
143700873
145623999
142925175
144046662
143831052
142873041
142341021
142771179
142032363
142826940
142216482
143038119
142040274
142542705
142878597
143000544
142405701
142037739
142309146
142052796
142648095
141875340
142256448
142519998
141928971
141925380
141836499
153391203
145158168
144331314
144131883
144236706
145155318
143693757
143759463
143471265
143400624
143359395
154360029
145204488
145215015
144562302
144389919
144804930
153813969
146875323
145225617
145151889
145454775
145106403
144944508
154755318
146757192
145497972
145948167
145422588
145178175
153381327
146375589
146289624
145773909
144859083
145290276
145531611
155572788
146334420
146672364
145682511
146487522
145449261
144892770
154543881
146865462
146019492
145581036
145389387
146042904
154664478
146374269
146089557
146176953
146253231
145363617
145649196
155946543
146707488
146724051
145841865
145937610
145824570
145281957
144197568
144514518
144648168
155548515
148467006
146020344
145586382
145995468
145095015
145603275
144736209
144805200
154671825
146865789
145741422
146132580
146053146
145134129
144897414
144941064
144224550
144565464
155389683
146312004
145679499
145537728
144841962
145057065
144704919
144181065
144379704
153892953
145944630
145971867
145176858
145501518
146473857
144945204
143926326
144176325
143917851
154371066
146554881
146513406
145729041
146109411
144875868
144888285
144699531
145692066
144693249
155747943
146174367
145823739
145555950
145459878
144811776
153786195
146999742
146424396
145960446
145786164
145105875
145460400
156181074
146783151
147407349
147972504
145965165
145085814
145391094
156126207
146415204
145841496
146619903
145686165
145830834
155726556
147274350
146034996
146399220
145993170
146011254
144784575
155450727
146632647
145388427
146137722
145674894
145400352
154423668
146882190
146089656
147267678
145241817
145230420
145758978
155167761
147731433
147251427
146558457
145579575
145207554
144922239
155793339
146681604
146900028
145909566
145583691
145262358
145521129
144931110
145043070
155080878
146222187
146447952
145082451
145932864
145446999
145294194
144914763
144678720
144396867
155328360
145814556
147073644
145596249
145425285
145496859
145156794
147410913
145075065
154041669
146367735
146150631
146471163
145797561
145309680
145331487
144828942
144556722
144800907
155201634
145226574
145773009
145538769
145000344
145177737
145403604
144447084
143950287
154447149
146050791
146266977
145647678
144679431
145053990
144815829
144180258
144012579
144653139
156664566
146875878
145850289
145724832
146014689
145442847
144883824
144825981
144676278
144217272
155771376
145746444
145347201
146099274
145175961
144658806
144543150
144084036
144220503
153614742
146426181
146104338
145014225
144206118
145266552
144903840
155390517
146241435
146070222
145841754
145433445
144901809
146583330
156236100
146254827
145861983
147118335
145772451
144953814
155174295
146631201
146316111
146065410
146000769
145717221
145157394
155097402
147105315
146250996
145990731
145420338
145824051
153765162
147273249
146416422
146160738
145734411
145495398
145936404
155171133
146404761
147071073
145945455
147714309
145542603
145148241
155854860
146768496
146127702
145192377
145862736
145870932
153879165
147775641
146200230
146313795
145980924
145974255
144881751
154733139
147019926
146827152
147160161
145246251
145297695
144985500
156743715
146456772
146622312
146657307
146298915
145782510
145159767
145093398
145273047
155554689
146139438
147326145
145819020
145933812
145184460
144806463
144669594
144395847
144173484
155655900
146272104
145984563
145257906
144792795
145065234
144792429
144500169
144458199
144027408
155092485
146343225
145754181
145603689
145170564
145398012
144896688
144598635
143848725
153583575
145653150
147920781
145896993
145461294
144834276
144658215
144262797
144122403
144178431
156194307
146224230
145891617
145089039
144812352
145606857
144373152
144337632
143970969
153958668
146265768
145460751
146039697
144972468
145226400
143955453
145313820
144817845
144660732
155356296
146278287
145992624
145105071
145961442
145815144
144664101
144250329
144143235
144410142
156048930
146109354
145614207
145690041
145045644
145189176
145004265
144078321
144466536
155190951
145823121
146223456
145488705
144654084
145206831
145373826
143887515
144541401
144971226
155571270
145866279
145197864
145678974
145276740
145464894
144843168
146551887
143912043
154323162
145694901
145525953
145179105
145345599
145772412
144587862
145564257
144029151
144608934
154611765
146045343
146946561
145868823
144949191
145112337
153536811
146557473
145985214
145964106
145841748
146100042
145507569
155176521
147110931
147120504
146452794
144794133
145418958
146486334
155507625
146659788
146187702
146000277
145335489
144824820
154416402
147164658
146032254
146487645
146281953
145664760
145702458
155656131
146996877
147200190
145763388
146255067
145402623
145047504
156525108
147444837
146898162
146833053
145659378
145486923
155230479
146979171
145988193
145993521
146019555
147755613
146446725
156230949
147689250
146444478
145447185
145624443
146447682
154139076
146784852
146714058
146474166
146324766
145766109
145875057
155053128
146766450
146463552
146904699
145643703
145845015
146336139
145258038
144669621
144793731
144019779
144792363
144925263
153573945
146106606
146025516
147927444
145085991
144639423
145154985
154656936
145799574
146183673
145301445
144353736
144481728
144865131
155516799
146132898
146027151
145674396
145398420
145353300
155549919
148073793
146612475
146406849
145906299
145466109
145460118
145970889
146312550
144625884
145388427
154887522
145710132
146147400
147250815
146553333
144810498
154042203
146717496
146005278
146198136
145520940
146083755
145828446
154911114
147210897
146440845
145874985
145836471
145707150
145570383
156056115
146866281
146728530
146394930
146323887
145729842
155501394
146463213
147087633
146372568
146538261
146158725
145186647
155747373
146707224
149100915
147092196
146212407
146020374
145598535
156742680
146898798
146143761
146396481
145779435
145831014
155393859
146793417
147556209
146482722
146453679
146070327
145807674
155060607
147606939
146667318
145767039
146709669
145856019
145442604
156465249
146107128
146727132
145787376
145333701
145220913
156795939
147127482
146634237
146164383
146277192
144933042
145303002
155564019
147102651
146633622
146864325
146092878
146213655
154329996
147649995
146251128
145926537
146352411
145670283
145509738
155131569
146685057
146386629
146704485
146004756
146236620
145602975
155835876
147921576
146814645
146062821
147525135
146219361
154606923
147220995
146494020
146746098
146033913
145363650
146220240
156274842
147603510
147022731
145993377
146780403
146268801
145722984
156357987
146277402
146806692
146335269
146401437
145647462
154944270
147609036
147470700
145920489
146255805
145369230
145940403
155759202
147178575
147627612
147659310
145597860
145530357
146012091
156028881
147409611
146232030
146041557
145519059
146110752
155222421
147004353
146863809
146643240
145240179
145552257
145647480
156078630
147276297
146456673
145515609
146303397
146691207
154436733
148191819
146853630
147090201
145676130
146666736
145786272
155545095
148002111
146927253
146223522
145762797
145130178
145501317
154139736
146385444
146591019
145838490
145621761
145886736
150971457
146453727
146232210
145462233
145924587
145606908
145098312
150813726
145794117
146902719
146299200
146534421
145679742
145701711
151564176
145938771
145661727
145598805
146209011
147731064
150485598
146035131
146025744
145735083
146106027
145431927
144638910
150563718
145861605
145421643
145436139
145582434
145156728
145416972
150641616
146717949
145372509
145599222
144873609
144823779
149406867
145825113
145717950
145074438
144797307
144964191
145288314
150194220
145680627
145004373
145340733
146907300
144446946
144877782
150766167
145362438
145522515
145000311
145120362
146073330
149981355
146316357
145961469
145336527
145320498
145315317
144375012
144793113
145101438
144620325
149550945
145051629
145994610
144481509
144612834
144786924
145106595
144295764
144214545
143755821
150339876
145087818
147316269
144905478
145191132
144844887
144649620
143467062
143843427
149520204
144965451
144734598
145047255
144395103
144227643
144215487
143745729
143741931
143691096
149525160
145197207
144603597
144741615
144089442
144526008
144113430
144374232
143452017
143612697
149768340
145002927
144830382
144118263
143751519
146373999
143934198
143572290
143261457
148796250
145277670
144284370
145003221
144037017
144184977
143924220
143830275
143869623
143823540
149331450
143971224
143649588
144122727
143957469
144512814
144598665
143914395
144075957
143720652
149875221
143734773
144292683
144665484
144503070
144363660
143630673
143815986
145235037
149466318
145299636
144608874
144358383
144342771
143830203
143657349
144088800
143168793
144233367
149786133
144459282
144161721
144020805
144771213
143687028
143705724
143813583
144866520
143475675
149490225
144747444
145026231
143976969
143984616
144437802
143909343
143543373
144002115
149342682
146670843
144828720
143958855
144431442
143606826
143650086
144022221
143693649
143798493
148202973
144319539
144556299
143831682
143535183
144007413
143313183
143438001
143668233
143269299
149666430
144411225
144825957
144617010
144284205
143737260
143996928
143998251
143942193
149486187
144872145
144357930
145002300
145699119
144293460
144195741
143678676
144241668
143306103
150321423
144536052
144871584
144504519
144286635
143716251
143491329
143821278
143631339
143718126
150179703
144808242
144309735
144205419
144348384
144085401
143722272
144043128
144053949
149636814
145109586
144019671
145099791
144183090
143653401
143817189
145316148
143570844
144169512
149837901
144462702
144366063
144348702
144218535
144868404
144019779
144866925
144180990
143725500
149901954
144474093
144425208
144338346
144482127
144852651
149596398
145145871
145466286
144656853
144463938
144381696
144162129
149254548
144832314
145123212
145217769
144861513
144974871
146267751
150212847
145269429
145446795
145001613
144659742
144970746
149388588
144870675
145102629
145635717
144856566
144384522
144224088
150261873
144917700
145376109
145365801
145061607
145058658
144779229
150668118
145227072
145037754
145255866
145082928
144412257
150336930
145595664
144954768
144857913
147136938
144826629
145042200
144763335
144153978
144746637
143840115
144226857
144021972
143711967
143188074
143700123
143369532
150635601
144405915
144501819
144432627
143751909
143859768
144142929
144071751
143595681
149214714
144966618
144991419
145010994
144469998
144768423
144548808
143824560
144342018
143612676
152279733
144656598
144652956
144766683
144010467
144319740
143556870
144157299
143576496
143852568
149327730
144480882
144993753
143791629
144529398
143641749
143985624
144131451
143969442
149436234
145017327
144714789
144562563
144571776
144351144
144440472
144070767
144569289
143961381
150326886
145022529
145180938
145834503
144040878
144687798
144147321
143654268
143892030
149312304
144648324
144327150
144313287
144398445
144885219
143899455
144035289
143458125
143667645
148768992
144872178
144264270
144547476
144687465
144647397
144053187
143823243
143986026
143842023
149104128
144033297
144737916
144035562
143676090
146108463
143663388
143347119
144307590
148307511
144439332
144163575
144247056
144504633
144801105
144361548
143479494
143530008
143313915
148183257
144684222
144815769
144265233
144269115
144328590
143805513
143787741
143828247
143809851
148098027
144290499
144104457
143502231
144295248
144752037
144339711
143175504
145705440
147224001
144142161
145047630
144521817
144271908
143966976
144690693
144448041
144399366
143956464
147953406
144539691
144462180
144260688
144078270
144039402
144382962
143961243
144162132
143603307
148193124
144114120
144243963
144312588
144497700
144800424
144315006
143255961
143737587
147744180
144505128
145445349
143526264
143468007
143471904
143085033
142688868
143311008
142998738
146213490
144276858
143519424
143601522
143565915
143587842
143138190
143146365
142837047
142860777
147189147
143878089
143312754
143835570
144361200
144035745
144247389
144306120
144003267
147724563
145293855
144375672
144887871
145360362
144679131
144303240
143697564
144468912
143192904
148040307
144620904
143573070
143782125
143535012
143620218
143744910
143794260
144358542
143861709
150424119
145362408
144895401
144349335
144770724
143987646
144276822
143746788
144092925
150343713
146295888
145722138
145265859
144503997
144747804
144657279
146863560
144160992
144279639
151020981
146581392
146334948
145503942
145131336
145129260
145187709
144526503
144704721
144914748
151583421
145816029
145944567
145813485
145319370
145547187
145114641
144480843
145264602
151186266
147159057
147039402
145782627
145846986
145254189
146403381
144946050
145056105
144820929
153220893
147704400
145924881
146074938
145438467
144809637
144961902
145336722
144689700
151185876
146863494
146526144
145298919
146316300
145178820
144777402
145065762
145452225
144262617
152143188
147711612
147082440
146050170
145707885
145282119
145387962
145137846
144741939
144910611
152122023
145665981
148613481
145188093
145013490
145558464
145082286
145368288
144874158
151376508
146898408
146288970
145885074
146293854
146002497
145117713
145029129
144502161
144808284
151252659
146383527
145499676
145753866
145581129
144815079
145651998
145638060
145410108
150590418
146571636
146370288
146285391
145705380
145211343
147736413
151927128
147085965
147120480
145512870
145601844
145248165
149647188
147185964
146866866
147268848
146690670
146591952
146129025
145542699
145127547
145169775
150526212
146508663
146785605
146186973
146125233
145837848
145596363
145414452
145628424
144562908
152036613
146592405
146242872
145835028
147709434
146600358
144700077
145031316
144974286
150606042
147033801
146162715
146836659
146224314
145911588
145707330
144711750
145475082
144665382
152252916
146377890
146225466
146377119
145574724
145489290
151203132
147582219
147146319
146207022
146322396
146413644
145987398
152671680
147935616
147437985
147318249
148558215
145717287
146457969
152014974
147165213
146909832
146847201
146354625
146755680
151339557
148069896
147520107
147323604
147457950
146451309
145914333
152440257
148583127
147349887
146292753
146738820
146628201
146409066
153521016
147691599
147091218
146720280
146153319
147038172
151736088
147604002
150120399
147797676
146490579
145502337
146119131
153133653
148229910
147561417
146683626
147326385
146469048
152568783
147958251
147282909
147552897
147327777
146643624
146187561
146285097
145347951
145411761
151352790
147402660
146490024
147078462
146798556
145921626
145644330
146160873
145984053
144562011
154952889
147168726
146995251
145438131
146027715
145609377
145991727
144957426
144604755
151679166
146552931
146922060
146362104
145651623
145993050
144864960
145549242
144606561
144408567
152001006
146539866
146597145
145880466
146125386
146544036
145426767
144824472
145329105
150489456
146978145
146032200
147462513
147979119
145183746
144923430
145296408
144993273
145204389
152037279
147209445
146319759
146097429
145922451
146307552
144893565
145707849
144286899
145229298
152316804
146843514
145911567
145809255
145364235
145549068
144756603
144488019
145095816
150272517
147335346
146872017
146589867
145681731
145118442
147788571
145762665
145189497
145229553
152122185
146475024
146701794
146096190
145884744
144903627
145280187
145877259
144880254
150165555
147136221
146664657
146066487
146177142
145926816
145011102
145338663
145042113
145214583
149210664
146500086
146332743
146078142
145782819
145954698
144907911
145409037
144905109
146102391
145067283
144770328
144894060
144724890
144449982
143979165
144419364
143678751
144223533
147705579
145793466
145177866
145201260
144930762
144741087
144187917
143952432
144242931
144879648
149069058
145788630
145369275
146021484
145917102
144719553
144990411
145149582
145086774
144463986
151741071
149220561
146082249
145356210
145252689
145248069
151727388
146317053
146983557
146526942
146158527
146157420
146346639
152855328
146871204
146595168
146303211
145930998
146449392
151489455
147743592
147553980
146633700
146956071
146609706
145891212
152651487
147284637
147332859
147128280
146976663
145688847
146158446
155011530
147675495
146872584
146653389
147215973
146731056
152456283
148137117
147440448
147490008
146144556
146248884
146411067
152285976
147294354
147061425
147176946
147055269
146129997
146247549
154050411
147552522
147749496
147132828
147065160
146409600
153140295
147780186
147337968
146981790
147286974
149356563
146528526
153554691
148166583
147381765
146935398
147008901
145878174
152899977
147812922
147399996
147303663
146296380
146400036
145974531
152704983
147686814
147304521
147474837
146500053
146505486
145992501
153864102
147939348
147644709
146746197
146059215
146334786
152264355
147286461
147687684
149318358
146261688
146926119
146409507
154036701
147905751
146888370
147114636
145851030
145747263
151240545
148532046
147384951
146206314
146624715
146780058
146732229
153070995
147500466
146572308
146869218
146420079
146271195
145980168
153195819
148521045
146986941
146523288
147327489
146032767
152255544
150585798
146920740
147197946
147100956
146687034
146960097
153165159
148297983
147171198
146917092
146522337
146323938
152624094
148403151
146719218
147899373
147262959
147534126
146407587
153935490
147732495
147889965
146720013
146832201
146326770
145885362
154464306
147468555
147803157
147451212
146747343
147148074
148796547
146443659
145287972
145519221
145868910
145423320
145224723
152481540
147111828
146912175
146627790
145375650
145539813
145047972
152974620
146965116
146443455
145907820
145933494
145776339
150729144
147246969
147090900
146879259
147004629
145153719
31458306
31151094
31100700
35191755
32168139
32300850
31871763
31788534
31817340
