28969758
28921539
28716042
28670595
28925769
28517565
28705191
28616592
28703118
28550088
28683474
28605534
28622502
28679127
28707342
28719735
28725354
28648773
28770177
28806048
28714827
28671825
28526964
28415127
28705632
28762500
28601184
28700856
28700004
38275299
37937616
38680839
48716904
44651238
50009592
49950270
48224229
46825575
45517944
51739950
51244506
48051903
58147938
52412475
57799044
54647346
57490239
56907126
56624196
61802487
58054203
56450049
54068658
53083887
51161634
50055444
56823753
53664003
55051695
54897423
58457640
58051995
57078252
55856127
54346689
57946527
56382153
58714410
58580772
55917768
63439956
59157972
62361528
60721347
63496173
61574793
59740173
58285911
56721471
61852437
58832676
56594697
54390036
53166648
57784674
56625201
60959826
58190115
61751085
59009517
61370721
61199202
59494512
57701082
57183342
61133886
58629555
61370553
61589319
58659978
64517937
60440169
63665808
60891108
65004744
62553423
64212498
63007623
62395983
60141525
58020306
63637197
59976147
63902802
60845106
60159033
66142956
60468990
66527649
62736492
60920664
58437912
61207356
58970550
59358234
64223421
60809568
64859076
61371258
64335933
62930151
64624968
63647502
62394885
69076329
62705259
69564363
64505370
66526398
65089758
66086628
64196067
62570691
60772368
59211057
65295282
61983747
65674182
62901165
64884477
64256934
61637694
59880501
58651857
64282503
59702025
58478937
57250323
55861332
62141655
57694698
63095577
59872080
60623877
60087759
62415600
62594010
60008847
59049771
56973207
61922166
59753691
61577022
60194112
58943127
65334318
61000197
65735271
61342092
59600445
57718359
56464653
54436905
53626545
52366047
50303283
55322496
54368034
52774758
51792681
49939530
54562092
52943514
56597106
56818008
55703046
60954843
57405063
61106934
59190258
60415722
62081634
59530395
64810149
60202827
64844703
61007181
64319592
62743113
64695816
63753447
62027442
67435614
63338898
67825800
62540358
66340551
65219373
63634851
65584731
63666783
69263307
64145682
68289246
64863426
67467132
64383468
67886982
66668595
64521675
69701424
64214679
69909285
65145771
67870821
66004677
68588514
66750219
64903164
70905495
64901013
63863967
61216413
60507426
58585005
61751007
59096451
58636053
65498991
59518647
65192865
61605066
58968444
57375417
57302406
64555080
58287582
62879019
60756204
59112663
56657799
57917586
59268420
56733228
67174812
65120550
73195710
70141236
77404581
75467766
76092393
76023570
75156957
71795274
70084989
80119617
71729367
68990949
76593411
70337253
67271844
73883061
68660448
69835509
69566241
66696891
69838548
66473961
64664073
63587277
61891332
59838741
63644655
61544982
60547506
64539804
61988127
60218379
65912919
61410783
58897509
64281411
60027945
59206044
64998804
61671252
58642101
64848495
60700653
59386236
65134584
61095705
59123076
63137532
61175823
59246169
64927881
60265524
58685301
57623712
55062384
54095181
60908499
56893554
54934119
61684254
58211223
55995033
61788114
56842863
56441184
55236840
53260755
52011009
58029156
54646719
53491668
58767249
56651952
55467753
59478414
57136482
55878615
59528688
57906078
55493043
60753291
59073924
57346938
54799071
54460761
53967249
57867918
55276302
55154964
52583859
51792096
50464953
52125861
54467733
52164000
51577725
58908675
54512307
52791063
56094612
55858851
54177069
61292565
55822224
54623583
60941844
57392154
55983042
62126355
58078728
56361267
61858995
57424368
56432943
62640912
58909758
58060530
56315997
53572023
52957314
57378657
56042019
54219240
60472359
55716804
55926045
53335086
52684818
51162102
54857796
53946246
52143528
56012760
56828067
54298047
56667279
57681939
55483491
54127278
62243553
56156340
54709350
61076319
56699685
55163988
60569982
58523193
56016603
54404856
53110587
52890831
58290006
54860814
53109006
59517768
52751346
50391708
57190893
49460691
49530741
54458235
47439636
46249602
45869058
53426361
44065554
43907505
50295759
43565214
41622585
48585279
40888362
40182135
39951708
46937235
39460743
38977350
38484135
45827169
38093001
37396743
37444449
35766399
36682743
36447594
43836858
35697492
35099343
41709819
35593461
35240805
34823937
41951679
35612727
34717323
34136652
42596640
35148294
34434690
34247295
41533767
34472121
33606180
34237431
34492989
34088526
33525840
41730420
34416072
33913518
34049496
33744648
33041142
32810280
32643078
40103046
33278379
33076344
39261183
33669717
33445638
33118746
39874890
33996627
33175902
33265254
40533417
33636231
33382035
32916405
40836198
33946365
33563718
33235959
40664397
33515127
33025704
40151259
33866694
33123891
33278397
40262721
33472098
33698421
33123267
40341717
33428577
33340707
32933046
40507830
33491739
33139026
33022920
40892616
33316404
33575196
40048029
33903255
33678549
33432438
40068231
33857496
33423324
32875785
40741446
33571053
33356484
32925822
40378818
33236652
33666564
39971124
34539687
33507663
33629244
39950760
34088394
33088152
33234243
40253901
33526509
33430575
33132783
40648002
33855045
33040110
33104595
40797786
33330510
33155439
39964248
33900687
33307029
32872254
39994128
34080399
33338211
33068976
39968142
33505401
33261222
32999832
40459950
33349380
33104610
32737440
40285449
33392268
33171513
39764562
34130466
33676830
33172134
40300047
33601881
33230778
33656049
40898073
33835119
33699174
33170868
40788267
33827715
33104493
32850750
40455150
33274926
33010371
40625235
33957168
33540705
32891883
39860802
33404280
33527928
33256983
40465524
33378657
33302076
33237291
40532859
33291228
32993274
40254192
33595842
33535989
32895003
40220604
33550386
33209748
33203277
40066092
33795120
32859951
33240153
40815414
33918498
33148350
32813676
40328022
33082992
33335181
32847237
40647459
33653409
33268980
40191882
33363462
33047829
33244137
40452606
33617100
33423657
33057084
41713956
33475380
33041934
33076422
40358415
33317973
32955726
40116447
33727053
33628896
32975625
39966627
33605142
33248448
32892795
40910862
33488481
33449361
32694846
40166616
33799992
33273114
33109305
40711566
33449409
33428301
39820821
33909000
33171429
32866854
40403658
33740397
33518850
33257718
40453251
33702732
32995467
33136518
40957047
33472221
33078105
32830605
41760762
33695268
32943735
40126467
33657462
33488715
33025584
41277759
33700818
33570033
33397335
40607172
33354951
33142839
32883483
41374371
33480735
32933400
33124494
40679589
33670416
33099318
40134102
33944655
33151143
33053769
39982230
33863373
33250968
33326805
40659933
33303534
33043809
32855895
40779036
33229566
33360699
40057407
33535152
33581649
33135975
40116690
33854802
33652485
33145989
41795376
33757689
33417567
32677248
40067478
34780542
34320177
34256937
38794152
34982940
34253847
38180298
35410797
33963240
33807609
37531866
34593300
33818394
33797313
38606133
34381080
33605895
33572286
40830978
34235643
33450435
44978856
34995870
34427193
34191648
46544172
34947705
34227297
33521613
47191716
34592319
34607115
34051158
41122719
34004115
33696939
33801348
33145431
32549487
32434215
32633010
43213278
33136218
32916600
32372106
43520439
33097059
32768322
32509509
32042913
41620455
33048879
32800374
32615040
40558272
33131118
32271048
32553417
32249871
32758347
33261555
32554836
32792439
32039415
32920653
32682369
32770449
32614986
32073798
40153737
32725170
32541924
32219865
32422299
40682277
32747643
32604819
32842284
40580610
32743230
32843244
32363976
40017381
33038880
32836341
40578945
33285399
32822562
41014245
33551184
32608050
42137307
33748527
33465114
33199284
40825209
33216726
32844891
40929801
34069929
33560781
41090142
33954759
33253080
41316930
34067193
33658290
42271410
33929682
33937938
34020543
40853925
33929157
33423069
33700386
40497480
33645093
33258732
33242073
41443683
33696246
33525357
32829393
32970525
33822030
32956251
32861760
32906859
39827547
33556242
32573046
40239468
33752523
33602691
40501890
33695745
33312570
40773582
33791853
33552015
41483448
33801588
33600954
40920786
34268259
33551238
42489408
33845973
33558012
33413484
41172321
33844494
33030600
33370845
33165081
32813568
32491698
32499534
39227400
32895810
32645667
40571106
32913216
32947521
32708058
40917522
33253785
33196263
32538711
39682404
32916432
32749533
39893220
33450822
33018312
40448805
33128190
33178587
41564991
33657315
34042602
33327516
41663202
33322617
33526152
33039294
40990806
33933951
33496989
32715120
39992115
33405822
33280110
43507032
35317461
34161285
34275189
33348411
41710287
35526351
34327119
42448353
36091098
35656182
43730550
36693087
36611019
34799214
44503206
36856401
35608806
35321757
44293941
36708570
35898663
35704215
43403106
36407319
36023406
45301230
36310971
35777703
36347529
43953021
36425316
36738636
35818701
44290131
35944431
42987792
37462500
37322916
44755920
38159613
37244592
45310491
37672815
36737430
37275090
35824122
36015585
44279565
36761997
43212660
37975275
37058991
36293133
36392337
35477745
42662247
36911316
36374547
43651596
37163328
35999982
44217006
37294050
36942714
44929767
37617339
46669731
38483415
37549854
37495497
36320967
35796375
37431123
36194055
35411448
34979541
35078469
43240767
36758292
35929317
35683089
43574310
36448296
36011868
35670204
44230053
36656580
36416484
35143848
44003604
36242565
36469377
43585239
37371495
44588295
37953210
37139007
45235983
37986012
37887963
36709380
44313408
37090518
36940632
36379596
44184738
36510486
36693120
36350082
43451034
36809706
37158963
44093061
37992900
36756870
44596071
37098198
37147029
43982319
38814618
37729758
37278201
36125355
36097644
43774290
36835557
36291048
35300724
34850694
43561563
36212109
35882979
35444469
34378167
43546557
35347902
35960307
35713740
34609644
41783640
36179124
35525898
34772919
34228080
34209204
41836407
34997985
35216460
42952356
35959671
35360916
44844393
36369726
35758548
34945887
44995164
35914203
35839698
35164935
45070269
36296478
36064446
35220744
44888028
35935440
35768580
35874141
43652262
37031028
36312888
35710362
44038917
37344168
36802182
34920324
44074773
36635397
35726085
35545401
42689397
35862357
35625267
45568869
37262202
35915187
36077049
45081420
36746301
35460594
35645955
44362308
36776520
35967270
35422929
45259518
36448398
36040242
36035388
44023167
36268620
36038424
35493222
43942695
36858906
35532945
35232084
44106579
36415329
36143793
35716266
43240284
36472461
35470986
43751931
36581757
36684924
45099057
37453518
37297812
36793548
44795919
37177065
36101613
36306267
45735687
36868482
36523047
36083409
43106829
36979056
35680386
36119178
37076118
37055541
35841699
35454489
34953549
43789743
36852558
42591264
38153832
36145632
44295894
37766334
36585138
36464643
43077507
36884664
37519335
35589501
43334112
36887868
36404499
36764664
35954307
44142228
37046940
36367731
35881197
44640351
36471417
36323631
35827596
45254136
36623955
35791545
35229441
44446257
36648168
35618652
35959998
43937277
37190565
36366369
35676354
43503435
35804124
43112721
37828533
36636132
45176295
38905791
37417143
36962085
45363012
37408692
36393330
36019395
44302374
37161744
37027167
36284898
36017433
35014287
34794210
34413438
41564163
36075453
35019033
35145306
34222071
44039778
35362230
34778130
35303970
43979883
36096768
35119218
34664811
43618161
35457762
42063180
37822113
36770007
41979744
36573144
36699354
42976962
36257517
36450018
37238394
36850566
35659356
35486886
34964847
40780053
35707446
35633700
34469862
34440147
38909547
34627881
34320453
40100334
35176416
38575962
37728132
38043108
35768463
39625575
38810658
37112829
36498180
41407506
39111342
37939638
37625982
41751774
38695437
38899086
38038083
43797507
39355884
38304636
37844463
48424734
40108713
38194080
37698657
50860794
39460389
38530383
52003557
39211554
46446618
39898650
38178546
38433252
37121910
36103272
36515112
48012456
37836720
36854421
45186339
38251188
37516680
36199815
36036870
44652474
37370292
36097254
36037848
35723121
44260407
36880911
35832573
35574711
35592171
46133343
36695058
36494907
35437137
34912431
34790745
41913765
35631180
35118024
34821705
42964125
36013686
35737830
43260036
36305514
36120390
35800548
35299806
35271030
34187970
33572097
33801333
33663087
41488548
34213728
33931569
34172022
42852813
35509929
34591908
41651058
35825496
35745378
34951791
43934100
36637761
35464818
44558817
37031634
36246654
35244702
34684755
44131332
36559311
36111318
35554125
34659216
43097835
35251119
35473917
35913387
34863864
42624687
36632016
35206830
34675209
35076243
43184790
35182002
35391807
34780302
35805375
42695751
36631188
35415897
35259462
35083776
42242751
35474328
35596023
41984979
37264527
36073440
35551131
43524540
36150474
36456852
44203806
37032957
36312693
36468399
35973882
44226033
36194793
35695776
35236452
34684296
43962915
35671149
35845926
34988049
34787811
43045491
36384795
35785125
42941070
35850957
35747235
43656579
36747471
36041847
35816814
35590920
43110360
36662136
36171768
35692518
34483269
42835122
35761287
35533725
35363451
35149314
42670440
35926239
35780115
35151972
34850742
41930763
36685569
36134832
34353528
44234253
36422301
35216697
43672767
36229893
35961615
44094699
37601526
36416562
35791572
35774922
43911678
36495630
36106149
35695080
34934316
43165752
36244386
34713102
35924868
35018553
43493157
36060981
34643370
44015550
36596070
36047877
35069403
44171787
36999456
36235902
43726785
36706647
36476334
35591703
35871483
44209881
36859116
35831742
35353329
34625091
43812204
35565741
34887183
35212731
35141862
43270884
35890584
35607843
34998744
34134615
43314825
36079344
35642292
34916487
34699806
42906849
35624658
35329200
34713774
34045101
43180416
35026263
34139634
34572894
34121838
34034520
41124756
35312307
34754532
34036167
42204798
35482770
35249745
41650431
36443337
35745057
35232654
43908801
36115230
35606568
35326281
34490856
43730430
36386241
35591523
35274591
34334301
43623096
35767089
35352780
34096386
34526031
43377063
35437023
35770881
34576095
34554546
43852749
35402115
34713291
34057038
34391136
43053468
35417073
34918884
42080505
35968929
35799414
35560899
43703607
36062118
35332428
43485987
35998917
35338737
42259764
37274829
36165501
35319804
44102241
36563604
36063057
42893823
37164858
36632229
36106719
44520474
37534299
36216747
45262776
37168848
36209580
35530008
35508009
43544970
37102527
36306375
35481948
35162250
43028214
36175650
35595300
35380530
34877610
43011933
34869018
35391633
35860422
34377417
42390153
35437614
35225106
34472163
34084059
34417551
33542784
34051437
32844963
33001230
32642577
42050394
34339263
33039645
33318525
32928111
42005235
34854717
34757379
33721734
32578281
41382360
34800906
34296189
34115175
33816003
41880687
34824846
34403658
34472985
33934293
41549091
35156427
34722027
34430100
33732627
41628258
35356770
34774857
34257480
34395876
41557065
35754024
34805595
34757154
34225689
41364549
35251791
34546773
34975083
34046361
34043238
42940005
35647326
34389153
33764652
33712038
43617375
35173182
34087830
33786501
40964979
34834923
35317335
34835775
42438522
35495211
35250483
42370989
36707229
36105339
35008572
44410236
36126783
35452317
34802919
35001759
34270815
42741810
35194422
34816941
34660689
34913883
42280962
35007360
35171379
41536227
37273581
35383089
35406306
43117926
36706122
35431905
42671922
36548001
36148347
35767986
43447428
36617496
35745294
43909899
37360395
36641493
35274183
44694582
37265730
36901098
44056305
36373959
37011438
36289539
44795901
37121124
36514131
44290053
37947843
35922837
43393824
38117817
36469536
36842955
45196269
36751023
36626712
43925286
36154839
36798345
36299448
44866134
36575718
36368610
44909544
37723359
37292697
42728079
37963776
37242225
36471846
45284640
37077042
37046865
44663322
37680480
36637092
36559374
44429109
38270106
36181119
44464518
37298391
37223211
45114135
37471803
37812747
36136377
35667531
43700064
37290837
36385785
36385503
43885050
37254114
36384519
44026962
37163427
36408384
36393837
45625386
36691797
35813337
44703516
37334448
36368724
35373582
35598699
34846824
35172447
43672686
35582625
35738082
36051915
35695332
35783076
35650746
35469177
34984569
34547367
43688460
35607813
34907952
42714060
35975820
35912937
43524606
37277607
35332251
35280027
35443554
42697209
35046438
35453487
35853051
33992226
43182246
36152025
35727879
34986174
34932741
34086360
33979734
33691308
33100353
32451225
32819808
42490929
34404471
34096995
33876690
41564199
35168619
34466844
33450621
34169604
42314970
35214555
34959381
34333911
33556281
41541714
34891188
34545657
33755409
43273377
35585679
35233809
42961506
36409842
35704560
42427536
37896471
36943737
37318320
42268095
37076682
36673977
43059768
37223808
36535218
36280887
35894172
42332088
36070119
35626176
34976799
35109969
41136360
35306358
34516188
35135745
34647708
41030514
35288607
34858377
34266876
33406794
39970710
34127592
33522870
33373575
33584397
39962319
34251405
33854838
33985341
33538338
40191069
35780253
35203767
35177559
33872937
41578596
36706623
35402874
35453499
35500185
41774340
36837033
36435723
35599893
34835433
41193156
37945227
35687769
35357790
35427414
39430410
37558320
36268524
36707844
35944569
40103514
37567860
36863010
40599090
38218449
37894353
37572972
43164384
38768796
37814682
42199524
38830266
38037210
37592862
36285048
43466202
38455185
37645608
37175544
36083004
36490335
37107918
37325763
37494828
36805326
35971968
35578839
35054589
36377121
36246297
36777765
35821752
35109165
35042058
46796274
36144972
35620371
35644875
35233005
46836744
36393036
35404197
35486127
35307711
34152981
35716512
35044743
34927908
34378938
34311927
33502995
34007514
33431220
32637321
32774172
32610276
33354618
33952452
33960261
33714675
33156354
33025848
32988207
32194317
43521825
34168284
33382257
33277026
33287352
32717937
42865347
33862968
33857874
33882306
33813165
33022578
42514242
34470327
34376157
33658158
33900126
33058692
42525678
34380141
34677153
34039005
34217304
32947551
41565669
34235832
34616124
33895566
41814204
35098584
34786215
34191279
33773304
33064671
33328980
32888196
41088876
34667367
33823944
33838062
41411124
35079822
33989775
34192410
34189221
42884538
35426604
35121996
34343976
42813231
35582304
35147694
34519101
42349899
35580891
35044887
35279328
33968505
34557738
33842223
33544242
41150178
34784895
34014159
33784146
41689137
35735442
35041995
35141118
33951501
42982350
35180040
34873416
34951821
35473935
35160627
34352598
34807491
34632666
34129476
33680139
32966085
41140788
35049363
34268373
33644688
41853354
35100303
35687217
34475823
42341283
35343594
34971156
34410951
34477452
33616158
41713599
35302563
34060113
33915822
41554446
35671596
35084796
34956903
42378474
35723976
35372121
34656057
42951357
35495385
34570605
35380152
34642452
33773829
42306504
35715060
34636455
34283163
33773349
33604284
34244652
43155075
34811988
34575633
33881943
33411750
33482907
42992520
35089158
34636380
34026270
33936423
33842520
42858714
35027631
34398579
33753579
33724851
33077892
41929923
34531548
34586649
33697998
34159299
33187335
41637894
34202373
33958674
34070262
33460890
33302961
40735782
34812234
34339776
33419940
33299901
33479937
33406461
42609168
34488978
34157727
33456783
33057570
33255723
42616992
34224015
34083171
33689160
33398943
33278475
42045258
34563198
34202973
33532128
33873873
33411237
41855226
34924587
34360509
33717510
33695304
32430276
42253704
34280703
34170078
34054818
33842292
32656632
33239160
32884941
32322027
32421390
32189658
31747389
39719586
33283017
32747793
32549046
32906010
33002154
40318971
34458666
34158741
33173697
33256473
32627070
32658993
40720461
33747117
33951891
33250482
42460221
34263204
34290408
34000992
33542835
33417507
41376135
34431045
34396746
33901740
41988615
35811024
33998970
33780366
42240474
35970276
34756983
34475877
33680973
33562719
42492006
34676859
34820091
34017888
34029069
33794133
41432889
35380146
34679871
34358616
33922200
33091833
40962831
34727634
34600647
34742658
33712404
33388602
32828886
42323898
34180044
34144461
33900297
33818628
33506502
41853597
34145958
34407519
34179600
33883422
32981463
42184956
34897968
34214028
34410108
33929385
33636930
41089761
34012800
34644174
34364640
33866982
33601035
41228367
34295256
34533063
33763014
34016838
33382770
40842516
34919616
33857172
34245885
33713103
33017580
32983905
41817996
34260714
34310688
33032667
33557100
33238242
41928642
34511811
33901263
33934833
33685659
32983824
41228292
34967712
33912228
33269244
33742356
33043944
41515281
34664631
34429614
33642027
33479202
33371007
41075028
35030463
33853911
33804090
33825459
33447954
32772072
42184764
34238115
33794337
33284814
33526188
32547294
42098079
34761102
33610653
33395175
33070347
32772405
32506056
32418066
32322162
31885008
32302569
32247282
39806481
34078602
33668712
33019239
32723781
32306226
32047680
41611050
33637680
33184389
33345798
32498943
32523087
41782314
34174212
33557922
32930526
32871483
32949360
32799573
31980366
31986645
32095611
32073099
31569750
39554523
33035097
32946528
32594313
32466297
32186316
32062512
41572236
33471063
33606231
32697813
32309988
32334594
41269104
33455910
33661278
33180444
33018501
33160611
41519190
34355697
33701025
33388620
33289425
33277002
41584104
34375938
33321345
32935227
33832656
33198615
40947057
34674042
34212915
33236409
41116947
35026392
34276176
33818790
33837849
43029039
34899885
35164713
33858960
42302217
35387610
34690482
34304922
42303642
35260296
35912376
34539975
42688656
35286828
35276583
35553993
42213789
35556624
35979594
34903116
42043443
36443397
35640198
35691408
35033307
43317798
35296074
35042826
34950228
43483260
36071457
35463702
35279154
42759054
35976114
35654637
34958733
42664983
35407587
35074521
35362314
34452873
34590636
34452405
34041960
33272103
42321132
34765878
34282110
33598974
42192906
35728851
34501968
34126770
42520524
35885691
35101683
35211954
42134700
35870982
34898607
35108952
34650741
33991098
33810378
33850740
33723357
42170199
34052877
33925857
33896595
41763102
34998285
34882731
34134312
41639391
36028296
35020272
34826586
41595033
35510625
35256414
35445525
34277658
34613307
33867471
33446010
33531993
41858517
34574355
34172406
33740532
41959692
34739703
34643766
33908025
41508276
34716804
35112555
34857675
41375010
35301921
35402082
34790772
34309791
43126281
36203901
34937697
34860990
42908511
36271308
34900773
35036148
43691208
35959905
35034813
34748097
43189644
35921505
35808501
35237943
41963622
36321498
35350335
35496606
42658593
36320790
36512367
36077292
34574151
44179290
35614281
35489616
35363031
43804866
36011082
35156511
35064075
43757361
36241470
35112939
35405895
42407199
36201420
36037428
35344644
42577149
36313638
36281556
35947050
42584778
35954967
36108750
35888562
42811968
36595422
35839347
36095550
42618654
37812291
36209472
35634678
34553055
43865880
36272220
35107914
35585871
44028540
36091233
35637687
35341596
43816398
35582079
35567883
35441478
44245611
35737488
35942370
35251275
42372117
36037272
36461646
35352360
43271910
36226455
35945907
35041428
43596666
36441105
35508009
35662815
43176321
36638595
35964843
34883460
43465854
36478224
35573577
35800302
34837470
35027727
42835530
36380061
34869738
34960785
35418798
34222419
43685256
35919978
34792077
35042103
34781748
33799407
42471303
34827480
34422198
34130145
41456934
35385372
35401611
34650801
34750188
42549927
35951466
35025555
34677129
42684012
35745465
34672044
34302321
42664773
35444592
35505891
35193918
42485718
36503958
35797035
35196030
34769700
42872547
35782530
35849964
35385378
35524809
34914405
34947477
34308048
34181679
34315839
33210633
33301065
33820896
34206660
33998664
32807718
33441129
33312348
32906181
32883912
32931345
33515838
33041982
32876388
32708025
32678385
32207292
32326422
39080166
32994081
33075483
32693235
32379006
32253834
38261577
32712900
32462109
32571744
32389818
32563809
37947222
32818191
32641317
33032361
32352282
32648079
38278239
32907078
32677260
32402853
32294934
32228718
32038101
39990261
33017655
32168919
32421435
31750233
31983534
39189333
32914164
32671611
32754828
32477082
32195091
39382980
34417197
33935355
34405380
33816333
33384249
39292980
35141325
34375140
34499232
34145997
41643645
35425794
35361636
35518926
41476197
36309420
35613159
35290620
35303301
34827171
34520055
34224591
39642738
36235188
35926593
35251230
35022954
42155835
36657498
35451846
35837226
41861604
36645858
36965178
36071694
43436280
37299201
37106208
36231387
35888643
35873253
43111449
36289161
36242442
35898042
35535876
35395152
43677729
36643317
36657909
35622651
35447073
35376978
41827140
36508302
35914923
35989581
34832715
34763109
34831422
34811331
33648267
33381063
33543000
33706263
39058059
34799634
34840086
34306860
34026924
34058151
39568389
35626548
34673853
35001792
34701867
34244163
40087686
35973492
35162256
35103432
40643970
36433713
35825409
35081634
41310111
36847698
36361284
36575508
35530104
35114208
34962738
34325055
34324017
33812556
41204424
35907954
35452188
34786938
34440486
34433649
42842928
36024936
35198391
35154882
34492689
34718721
45486138
35474421
34999419
34525005
35081487
34007472
46916745
35148348
35245701
35391432
34866969
34396461
46854027
35951475
35209413
34465857
34656834
33824814
47648958
35418261
34680024
34631031
34149042
33960936
34993587
33568932
33464775
33049986
32861580
33213558
32693289
43131231
33903129
33690738
33603264
33566421
32750547
33054489
43667037
34416198
33185763
33495651
33958224
42778050
35143380
34625964
33922938
33579489
33403923
33355020
41530629
34767891
34395738
34104735
33924465
33543294
33529275
33810048
41759049
34616970
33773073
33670698
33096870
41767077
35313594
33987900
34145190
34048692
41345874
35919870
34188105
34861071
34051470
41356719
35106060
35451849
34300320
34074108
33435303
42514392
34527726
34319166
34274988
33962148
42447420
34509636
34573443
34202529
34534452
42800694
35023458
34350267
34198260
33934167
41944053
35093241
34959309
34105719
33965652
43113141
34929828
34627689
34196475
34221519
42796221
35432097
34797924
34898187
34293639
43436256
35628960
34929366
34486725
34546893
33649260
33401370
42700530
34255176
34624566
34355400
33338022
33316233
33353049
42369876
34389321
34210788
33783843
33136056
33570918
33169884
40835661
34207113
34658688
33975465
32973357
33630621
32972133
32902728
42232176
33625221
33842706
33447090
33164607
32376735
32278617
41471844
34256445
33811824
33622227
33250977
33391155
32770152
40724187
34164465
33788181
33357177
33012858
32805975
32868753
32144967
42086682
33715668
33307512
32927460
33135252
33218139
32724618
41072916
33492054
33835005
33274368
32480943
32501310
33069267
40177998
34245885
33699705
33392229
33678741
41170257
34790922
33667167
33726018
33752661
33128157
32685159
33315951
42291306
33851826
33441366
33601803
33150591
32987220
33289569
41504010
34590735
33282708
33101226
33165054
32913990
33454308
32892018
34318197
33208482
33470235
33194538
32683422
32387862
32805492
32497245
32118168
32416323
41615712
33663225
33336108
32775993
32619822
32541429
32577531
32129187
32231169
32079360
40132824
33224295
32852166
32503125
32533638
32288196
32277897
31811415
32152179
31827645
31566138
32609487
32924961
32461461
32777406
32499798
31783110
32290629
32009796
31900998
31613331
39929520
33126843
32968191
32767590
32306733
31933563
31865670
31968144
31273530
31201167
31531623
33575463
32579649
32942073
32181273
32433567
32166726
31768800
31935549
31574175
31464519
31523403
30950190
31000128
30961254
30742299
30592812
39375651
31950135
31927671
31965945
31706886
40555335
32292384
32896026
33214797
31713135
39658566
33662949
33578808
34133736
32873757
40075173
34086498
33773217
33509607
33152934
32952486
43056108
34272126
34105317
33633921
33960729
32841798
32853741
41814456
33916014
33393096
33804474
33340002
33078777
32743458
43329330
34231626
33623820
33526857
32740497
33300969
32660682
32785290
32162169
32497932
31943673
40335462
33294477
33523248
32757936
32556735
41213190
33379842
33890784
33596460
32987484
32779218
32721630
40280463
33749868
33123930
32996544
33006918
33118236
33255264
32222232
41424390
33615003
33525243
33397371
32690169
32462301
32857893
40965084
33696681
33601500
33199821
33348771
33425907
32846484
32705076
42130413
33785736
33874662
33279468
32894586
32655294
32629524
41123418
33436032
33318171
32926572
33272616
32846784
32961906
41147481
33755901
33753489
33052341
33200718
32788965
32416491
32649789
41435757
33987465
33072468
33455523
32946480
32550405
32521173
32804544
32162874
31641192
40821618
33452328
33404037
32439960
32667336
40919181
33443034
34091304
33599109
33042522
41477040
34727664
33663813
33537849
33006618
41465109
33917154
34070109
33346302
33440403
41579481
35011944
34161741
34367100
34007607
42344388
34056717
34866252
34361472
33525393
34121943
32838087
41684007
34764102
34568643
34192836
33837933
33378654
33429645
33183933
42057135
33842733
33722664
33825735
33612069
32805549
32484996
41313858
34367232
33677631
32916699
32926962
33158403
33146532
32791266
40848543
34049616
32991384
33590370
32807301
41140368
33911697
33409053
33943500
33279660
41140134
34838361
34390881
33685200
33841638
41922318
34547079
34467675
33825183
33599382
33397356
33087555
41488635
34596336
34746918
33324066
33676074
33293682
32857155
33221553
42796683
33259158
33481431
33397530
32752878
33234399
33132708
41789331
34281837
33625506
33559320
33499386
33094503
32640675
40857009
34019949
34154370
33571638
33251157
32683797
32660718
32424342
41968800
33793674
33199956
33294267
32817576
33099399
32582781
40897068
33323976
34054467
33394725
33543624
32677347
32234868
32680680
41818089
33597003
33878526
33529059
33187056
32565900
32400069
41771586
34063503
33994536
32772501
33376860
32564649
32755344
39892854
33967593
33671379
33760029
33269097
33280521
33772098
33533211
33866982
33559806
32584413
32570073
32501883
32176857
32735211
32519934
40619847
33163707
33216861
33049011
32642856
41297451
33855201
33380733
33369315
33195267
41007567
34190130
33798153
33319395
33468696
41939028
34119060
34641057
33561462
33764994
41796696
34503648
34260135
34079205
33974832
41790105
34860474
34250490
33913422
34305543
41891328
34790607
34368081
33815775
34113771
41595276
34804263
34692348
33680649
34182573
41488992
35172396
34877400
34113945
34311696
41928393
35022642
35278692
34212846
33932334
41883864
35065119
34867224
34028715
34379559
42205431
34509075
35001927
35123271
34529715
41853621
34846275
35164851
34114932
33859752
41563410
35701716
34568406
34310298
34641933
41884248
35595099
35138688
34372401
34269576
42445056
34608120
35049714
34982646
34579878
33645273
33409386
33173577
33716715
33031101
33049461
41233449
34312032
34367739
33905763
33506379
41355033
34354971
34038543
34419744
33472257
42213498
33835734
33688602
34312539
33515187
41869983
34678929
34342371
34471725
33703713
42839571
35179731
34840764
34429626
34293138
43226634
34225704
34827930
33990759
33690279
33799428
33420618
41937540
34201755
34692789
33856974
33543618
33508956
33365268
42254592
34196184
34206096
33486279
33409167
33332139
33139410
32842038
34341819
33459456
33739764
33770667
33088887
32963625
32608536
32451366
32418300
32229513
33613023
33213756
33420876
32917668
32348682
32582850
32307384
32345979
31856646
32005332
40809900
33180192
32693694
32970255
32771697
32570184
31962780
32105673
31831677
31732824
31516554
33136491
32951334
32519859
32661705
32753052
32195322
31978287
31455114
31589838
31535778
41458548
33078891
32318145
32353098
32674284
32028423
32049018
39691188
33436722
32757495
32826336
32646465
32464887
32287359
32138862
32412552
32320992
31733826
31545510
31278570
31179687
31572738
36391818
32330166
32308515
31856958
32462883
31533870
31599327
31580808
41067885
32984145
32205465
32311698
32023098
32233746
31813437
40747749
33497298
33033699
33168981
32614431
32340669
31828167
32443002
40945047
33694287
32958441
32534817
32644812
32123055
31959288
40964565
33387522
32934180
32958549
32480253
32399460
32407080
40256181
33425205
33495723
32712138
32303478
40726563
34033524
33677763
32843058
33445734
41176440
34468911
34304853
33702558
34069617
40985946
34382322
34982637
34086228
34210881
33658842
42737139
34135806
34095465
33718725
41232258
35156856
34080747
34826067
34511463
33752679
42755127
35078088
34082523
34135743
33787521
43058094
34726011
34314165
34724328
33946743
42421125
35376381
34401900
34334100
34182834
42320922
35580399
34831788
33469845
33912276
42148542
35094048
34945836
34776729
33875331
42880377
34572504
34862976
34568250
34337100
42628965
35389359
34629180
34491918
34052433
42226683
34493994
34190838
33313554
34201821
42552984
35965983
35211858
35214483
35357175
40174407
35446797
34839015
35090430
34279662
39849759
35274657
34773192
34640097
34611015
39451842
34235493
33937512
33925380
33199152
32969766
33010305
32699214
32879064
32354730
37258998
33100455
32607075
33173925
32640780
37695483
33238752
33069771
32652369
32740908
37328220
33468372
33211749
32956449
32888166
33004266
37359810
33441111
32984532
32589732
32568060
37241496
33110175
33121440
32621376
32506494
37346541
32955102
32729802
32639622
32733426
32430567
31800450
31817388
31779516
31730484
37113252
32240574
32114253
32303541
32177667
37597179
32447298
32734737
31936266
32670486
32123808
37143042
32518353
32740161
32409921
31977663
38840661
34304055
34225365
33404277
33352317
39766617
35024088
34698351
35123157
33988998
40027941
35832582
35172786
35523834
34525926
40693083
35217528
35669040
35779809
35579199
41065257
35817696
36537162
36166440
35261760
42011703
36334362
36362319
35401467
35389941
41491716
36803313
36957699
35806416
35123781
41743737
37181913
36172650
36048591
35904243
43662072
36762342
36815031
36994473
36100329
42290103
37370106
36619527
36889362
35249295
42789408
37599879
36237921
36118938
35985738
43279572
36963057
36635586
36928452
41393424
38049150
36793752
36561030
35460354
42276024
37463559
36774318
36049491
35186382
41951991
36611799
36481815
36148251
36316041
43176879
38155707
36452577
36640992
36300741
35725758
35180880
34927821
43458603
36389544
36314418
36003063
35456112
34990293
34325061
42966699
36621636
35401974
35722140
34802385
34676121
34216062
42077826
35506026
35318442
34373679
34441713
34324065
34054644
41467578
35348343
35323401
35082072
34835301
34636503
34385754
34069356
41024598
35579619
34957338
34406553
34958517
33726702
34386318
39354351
35156220
35677758
34492986
34629075
34521543
33704592
33874260
33648342
33741912
33478227
32614770
32884161
32654436
32075166
38853972
34063119
33742440
33508359
33196836
32609955
33101595
38489760
33969990
34357161
33883551
33177966
33366357
33105858
33565314
39921708
34950810
34164984
33844452
33896340
33153903
34036437
39967794
34585167
34659117
34064754
33891660
33578805
33753546
40839564
35625075
34792914
34629129
33780135
33722334
33205281
33684894
42564765
34728384
34117605
34194756
33797877
47278377
35182596
34573722
34408998
34500318
47220381
35140230
35462268
35078319
34155930
34551201
34370523
33754791
33229353
32993550
46464390
34050405
34102341
34122117
33882708
39586437
33871977
34156941
33877698
33369888
43401933
34737372
34067214
34114032
33149079
33772986
32904984
32786496
33281877
42679770
33700668
33738867
33953208
33218100
32917557
32776677
32742786
32331231
42322728
33825096
33856305
33460368
33091182
33129081
41804436
33433065
33530310
32937984
33111909
32965302
33210288
32714043
32469432
41750493
34088712
33124368
33092238
32692599
32676018
32351043
32480112
32121423
42192360
33404424
33020964
32651247
33030714
32056353
32423976
31878261
32214672
41688648
33486783
33286515
33403143
33225138
32462712
31656660
32035161
32479221
32139624
31851078
31823619
31014492
31488135
31308759
31133409
30983133
30891831
40387041
32439609
32203098
31855401
32025360
31641522
31590588
31359108
31302159
41437020
32689041
32318484
32211306
31940208
31957410
31767351
31905996
31657530
40555860
32968572
32374161
32441181
31457250
32348289
32095611
31472721
31797141
40777794
33052134
32283543
32704764
32010258
32185362
32046000
31915326
32155452
41411370
32838495
33099687
32357250
32438721
32195058
40741305
33038121
33268254
33580992
32255586
32317167
40552779
33574659
33787428
32774286
32753892
32850321
39974019
34026636
33967461
33968355
33959586
33082797
32689209
41831274
34187853
33322380
33094452
33245391
33410022
41758287
35091870
33762444
33102528
33066711
32943201
41617647
34264419
34316850
33653409
33172041
32468931
41414445
34343034
34008159
33644751
33533925
33256545
41069985
34032132
34331736
34143126
33355851
33252039
41009799
33941091
34581705
33405588
33964395
33480264
33582093
42340947
34247757
34071651
33887715
33584160
33299511
42056598
33792654
33340089
33200979
34008966
33446283
41484057
34018980
33805125
33562482
33754377
33185040
33051423
32946879
32655756
32654475
32462598
32246496
40202457
33736917
33010137
32602134
32460906
32536215
40027035
33983898
33165351
33444264
32818230
32863683
32737512
41438778
33636531
33808407
33129174
33075435
33425064
40558518
34579755
33861429
33962016
33873648
33777603
41811297
35070045
33809865
33556494
33533760
32818647
40933725
34432419
33895101
34178250
33808437
34496517
40624953
34781316
33907284
33343590
33006489
33017247
32959566
42280410
34447422
33332802
33340209
33418542
32887707
41442219
34114719
33521511
33355536
33527160
33099819
42107904
34257804
34279260
33520323
33615279
33531816
41122833
33743898
34209744
33956832
34066848
33015603
41159682
34544928
33436968
33770526
33317217
33212601
41092800
34804104
33757638
34020126
33466851
33849576
41393652
33910842
34240671
34015029
33684111
33044886
33313224
42451251
34348521
33740496
34282743
33133626
33148632
32600613
33108222
40924047
34234857
33312528
33392730
33555504
32966325
32533566
33409137
32163828
40731933
34141257
33349410
33391269
32986827
32498427
32513058
32316024
32257179
40796823
33133284
32941983
32882454
32972316
32529582
32549880
32297403
32103174
41499960
33443283
32768439
32881296
32359197
32521677
32233626
31923621
32023392
40735077
32698923
32925510
33118188
32649003
32723445
32193981
31835847
31903716
40614393
33225090
32640084
32992116
32214018
32380965
32111748
32217354
32222835
40861596
33225528
32766648
33133242
32382144
32556528
32216181
32257800
31875012
40862490
33042870
32726850
32922750
32677707
32636505
32409444
32034225
31902597
40324827
33266058
33324492
32771085
32502897
32104950
40198338
33468699
33778860
33057132
33271161
32722587
40770558
33858225
33214527
33076188
33285084
32959026
40381278
33686742
33452763
33460902
33213984
33073176
32652327
41461071
34119432
33818337
33321555
32920419
32735829
41680836
33593334
33661527
33180237
33431937
33337593
33111837
32882001
32519820
42006648
33485715
33262128
34677825
33231114
32919465
32418501
31865949
32469090
42087057
33372474
32770275
32708406
32682300
32669268
32202894
31766160
32252415
32112291
31967346
31649430
31510083
31117290
31253514
31301052
30960303
31378059
40740246
32405100
31913448
32231907
31906527
31712067
31633689
30648051
31609260
41213490
32462994
32031246
32497125
32224560
31685394
31878114
31879812
31727832
31217094
31678827
31240452
30860700
31140246
30743973
30838263
30430440
30866055
40630767
31616964
31830738
31792668
31880001
31716600
31000926
31156872
31206024
40943865
32669328
31782969
32196234
31904151
31864929
31348521
31507572
31646613
40296717
32406822
32570724
32060037
32334927
31778865
40099347
33250170
32742897
32388615
32104707
32257803
41058474
33139638
33858195
32736168
33026100
32874525
40936416
33949347
33918939
33282153
32945859
33360627
40959888
34174251
33509601
33448890
33272271
33003396
32824143
41552982
33749181
33774642
33246411
33425526
32495934
41378511
33707694
33266133
33537750
33603936
33171612
41783445
34003209
33974925
33324546
33828699
33430875
42375327
34021737
33495294
33635589
33187425
33682575
32822949
32765010
32488260
32616429
32659830
32394108
32286333
31659882
32131284
31849653
31077486
31600614
41250867
32316231
32578005
32206320
32336523
32261892
31591929
31814610
31517910
40868127
32779353
32394897
32529951
32154051
31831002
31971255
32098182
31351560
40085490
33102252
32633049
32718597
32764644
31856286
32001813
31862040
31538724
41059035
32789037
32990577
32006061
32597199
32846652
31973487
31861962
32206335
41309976
33118014
33230865
32614797
32553654
32447433
32224821
32026851
31506528
40223370
32823231
32709669
32542374
32703219
32353167
40572861
33597360
33348075
32628408
33282630
32538405
40752810
34178940
33407310
33104346
33461004
33191277
39893868
34174560
33049062
33337476
33406530
32593941
33254247
42246111
33716793
33083547
33590445
33461403
32592477
32658549
32830452
33291546
42046122
33127383
33918036
32993229
33409725
33031701
32643159
32209446
32296731
41886732
33186507
33587091
33300366
33285360
32594568
32470194
32552985
32115180
41037462
32810235
33152637
32901225
32412777
32430366
32400540
32108010
31853490
40827210
33180966
32899098
32874525
32679882
32587185
40377234
33829200
33533655
32965656
32706675
32839422
40444398
34252365
33410574
33127578
33425451
32832189
41056368
34231314
34031907
32910426
34437369
33063495
40688865
35074695
33860037
34098318
33499491
32975865
32837106
41487471
34129923
33398583
33495684
33451011
33524298
42917448
34165740
33261756
33803997
33845934
32897415
32944263
32821590
32767257
42934341
33410415
33911028
33380019
32852865
33143823
33005691
32554824
40685325
34181118
33923346
33429129
33406530
32696964
32549574
32079738
32354058
40778904
33530154
33398163
33099624
32260425
32622525
32345289
32338959
32238048
40577319
33464736
32944764
32636556
32667147
33034797
32421192
32349156
32211312
40836378
33345495
32770170
32855148
32832936
32513520
32513706
32625144
31822023
31868769
31673076
31592358
31809255
31324986
31332765
31062789
31086243
30985758
38971371
32787915
32263476
31923015
31520448
32014956
31255776
41105772
32748864
32894145
32550123
33135510
32390337
31825338
31933164
31692453
41273958
33182376
32774553
32787552
32643819
32169930
32370735
31693032
39458073
33346725
32572626
32827005
32413746
32708445
32442780
41042139
33402552
33151824
32816709
32721006
32069040
41439987
33768183
33245691
32867952
32870322
32525181
40784361
34067178
33640869
33802623
33009336
32973879
40939188
33893034
34870674
33116370
33196359
33252084
40538367
34398321
34371966
33106950
33108819
32982240
40250754
34427058
33906099
34000926
33465459
32976234
32798931
41797806
34137450
34175196
33600180
33148701
33223500
41561676
33897264
34393647
33551934
33331647
33823599
41304786
34275747
33885414
33719727
33505572
33792672
41065257
34103733
34456818
33628518
33954564
33240786
41380446
33930174
34131654
33942381
33679911
33232764
41506050
34515597
33922113
33360528
33920271
33855168
32818299
41996934
34388478
34043826
33822888
33841905
33810555
41804244
34370529
33707121
33941556
33884922
33546150
41985531
34369476
34184394
33804528
33573783
33452220
41637858
34832649
34529094
33627801
33892890
33411318
41542551
35120751
34661673
33980781
33305913
32958468
41418117
34969254
34399926
33763335
33643263
33736371
40763358
34255431
34016076
34553349
33955926
33410679
33578577
42191946
34256226
34228410
33567645
33689025
32987280
42470166
34297374
34254933
34903077
33734433
33610881
41502678
34606593
34077612
33675096
33942792
33349224
41572857
34500798
33827454
33527274
33207513
33298221
41916723
34111341
34175490
33739410
33551127
33433527
40618377
35811126
35055591
34294563
34935264
34235964
40056264
35063667
34441653
34477287
34226454
33091170
37669092
33146163
33664590
33356418
32725455
33216834
32185203
37910313
33292047
33280407
32526321
32861703
32250165
37304184
32800017
32862177
32810913
32668725
32637045
37065069
32466099
32772969
32549388
32426013
32445639
31954470
31881006
31963701
31720707
31707162
31879701
31555185
36324108
31994931
32333460
31746849
31591722
31730493
36550149
32378151
32037021
32123634
31609695
31635315
36164568
32368488
32176584
31782465
31869996
31950252
31467426
37035840
32055510
31904505
32317398
31883391
31649337
36708102
32429910
32141520
32215881
31645221
31452648
36941175
32312856
32524935
32172903
31901475
31662429
37954824
32732697
32362281
31827642
31905024
32027178
31742550
38989965
32213976
31820004
31966593
31982976
31864383
36930696
33009930
32258871
31967760
31927377
31738647
37490916
33438273
32989911
32899380
32727705
32833989
37429401
34620333
34219080
33832299
33791658
33238332
38165913
34968087
34741080
34498113
34915134
33312954
33524595
40391988
34919283
34779153
34499118
34097886
33945123
40594764
35399196
35303829
34911420
34673991
34461954
39784461
35693478
35524938
35184921
34650777
34279776
40041639
35800050
34998330
35038842
34817676
34783686
40068960
35523915
35539458
35109618
34455933
34591851
40330008
36028920
36212916
35100213
35000790
34475589
33503463
33778683
34196694
34023759
34111089
33713727
39037398
34988382
35428236
34283586
33617373
34200477
40608297
35854335
35214663
35223519
34320003
33949413
40118364
35769921
35130708
34871388
34004214
34711863
34035420
33964386
33895812
33891639
33248622
33051285
33111975
39366447
34651560
33591999
33520593
33700563
33390534
40291677
34799370
34430679
34353498
34169934
33601065
40280139
35524146
35199948
34574049
34480968
34238148
40417896
35433495
34659309
34949475
34460304
33848838
40389855
35624235
35322171
34426140
34956036
34167552
40407465
35454480
35094381
34516779
34786308
34726767
40683678
35677386
35463498
34874064
34969650
35544960
40818375
36079329
35777346
35393946
35278179
34175931
41493990
36216420
35539956
34450317
35148609
34448670
41151816
35819955
36187287
35941080
34633410
34394517
41178915
36355920
34991034
35754087
34803531
34836135
40753980
36760530
36710484
35682591
34910148
34907631
40928985
35953260
34880526
35648583
34313103
34624233
40176255
36795363
35938365
36041844
35724663
34865931
41038305
36692115
35499849
35326587
35213337
35057619
40828689
36493473
35625447
35552964
35157618
34778289
41685009
35783049
36152004
35280465
34717998
35293740
41811030
35873175
35199927
35530296
35084280
35350911
35261700
34544151
34452936
41655996
35173980
35493408
34574028
34639026
34402275
34308375
34289088
33947295
41231139
35624943
34620135
34508487
34558959
34061994
34182750
33458790
33645858
40946085
35194506
34054713
34280967
34252401
33140940
32944452
32789589
33535209
39164763
34494975
34806606
34133733
33356862
33931602
33337059
33044058
33015177
38686185
34587234
34597686
33381162
33625218
33176340
33460059
32892069
33107223
40094166
33966039
34226265
34134720
33947826
33706107
33722784
33444231
32852376
39852186
34316040
33258942
35024376
33389406
32957934
33285630
33456894
32908713
39355872
34209861
33369027
33881535
33515121
33771933
33272133
33343674
32956146
41105688
33639486
33868719
34244526
33457188
33208671
33428115
33427599
32284605
41839848
34441338
34104264
33431967
33115971
33687030
33272628
32903985
32220963
44012424
33647103
34369080
33536352
33821655
33311709
33319608
32793708
33160956
32269179
32491440
32452476
32033328
31661490
31326687
31587138
31519620
31940805
44790753
32680566
32376534
32390514
32767146
32056056
45179889
33388380
33033219
33073233
33096945
32882322
45471597
33996960
33372126
33674106
33502596
32492241
33362907
40060296
39936945
39279969
38887299
38310612
38028504
37546248
52751538
40763715
39554196
39657510
40024125
38770731
49531089
42841404
41486340
41238474
40289724
38948130
38735742
38986935
38078532
48023634
41728272
40834962
39680406
39856332
39703368
39145149
38260092
37748001
47463489
41580234
40060893
39674205
38997468
39836280
37508868
37577250
36785319
36577704
38400324
39927183
39294750
39376620
39483330
38646810
38104467
37579299
36502098
36792570
36021411
35588109
35550927
34714839
35399637
34476648
34584102
45595185
38610531
37201545
37360275
37567470
36837867
36956007
35984091
35620317
35320116
47978364
38579520
38535609
37999062
37564845
36730248
37026879
36453939
36127932
44860083
38965488
38881638
38146998
37653483
37420932
37112058
46501302
39566718
39400806
38682666
39108111
37827942
37319079
36920067
36464187
36979179
35414835
35336757
35380563
35586186
36126921
35722545
43345167
38330133
38252718
37862574
36825504
37006866
36124014
35466279
35458866
34650939
46463073
38302311
37901517
37962486
37014549
37222746
37329969
36011280
35860161
35481003
35319834
35026512
33803775
34555497
34250802
34392699
41422845
38491578
36868221
36928626
36062568
36592131
35993874
35738745
47371146
38541516
37949805
37560912
38110206
37084083
37195482
48496233
39296202
38608794
38195640
38854647
38201625
45973659
41767563
41048007
39215571
39444948
38811777
37337406
38647203
38181504
37724502
36532521
36719952
36178419
35650062
35775525
46230459
37529706
37830180
37166742
37107489
37136700
36759135
48250770
39925128
38450496
38827065
38711109
37431345
37731786
49115859
40789695
39619008
39228033
38850240
38772162
46303953
41811477
39846531
41308107
39557145
38661570
39284745
48043413
41663337
40353258
39708027
40281633
39652092
39197004
38251512
38565279
46742580
41669328
40415865
39768042
38560107
38736288
38467899
38561460
37920555
36810162
48895434
40183326
40483176
39341721
38823567
38500941
38100636
37681923
36918705
48110064
40117428
38985645
39336534
38810568
38767194
37359426
37514724
36633843
47361378
40866192
39446010
38993619
38268444
38469084
38714307
36620610
36949089
47430666
40690275
39400392
38911311
38706333
38105196
37295295
37454403
36992556
36964101
35478003
36313887
35284575
34957500
35069202
34636749
34126299
33950580
33982947
44152527
38067006
37370646
36633738
36322272
36655086
34983414
43280922
39625179
38724843
37504224
38321430
36492702
36782673
36651417
48845796
40104807
38589909
38531526
37923135
38724153
38052273
49476063
40178106
39753126
39167676
37999125
38537931
37587393
49749882
41389428
40697361
39093603
39187749
38328714
37933464
50750715
42606339
40689651
39563829
39646272
39375342
47832411
42938379
41136126
41080365
39582306
39657975
38589501
39217329
38259144
38211717
48783300
39943170
40506906
39069255
39163776
37707750
37459842
37341966
37407537
48938490
40784439
39761781
39777156
38568054
38722224
37921713
37730256
36820242
36248898
36731349
36361980
34861626
34690794
34555926
34723434
45054279
38899557
37869090
37333896
37264845
37190994
36896181
35398287
36101091
35508273
34613787
34661208
34362393
34547844
34475334
33667860
34885710
33430104
37957053
37362633
37090422
36038160
36149382
35649657
35699178
34740657
34554255
34633341
34935147
34212663
33859512
33898047
33023439
32971503
33260244
47291850
36335976
36525513
36751719
36402417
35502504
35066583
34865076
34533660
46776546
38256381
37784766
37915827
36710733
36835314
35416488
35459772
35537565
44135400
39500997
38758848
37916994
37731894
37885752
36527103
36218268
35655006
35825145
47595864
39141738
38637402
38399316
37436292
37346412
36929775
36329802
36120081
46063122
39549801
38585940
38845170
37933848
38079198
37387782
36674574
36219630
44720742
39822906
39172062
38465115
38883420
37192077
37219899
36259236
36736005
36587022
47708034
39904863
39239409
38035026
37514751
37055370
36920505
37046826
36218622
47872332
38806473
39902304
38611629
37531188
37636854
37355523
36166713
37181091
47061444
40310976
39421407
38426799
38119161
37853016
37173984
36713727
35857560
36006759
48755394
38969169
39079767
38385585
38341608
37332228
37383639
36316305
36823788
48281979
39354318
39034857
38072370
37341957
37505478
36804348
36949419
36757515
47423226
40484754
38439711
39123885
37318020
38258307
36890979
37045317
36551106
45783606
40945488
39579810
38397765
37749852
37912200
38394888
36739791
36738720
36253968
48493422
39617499
39471324
38332530
38115702
37708677
37314963
36705402
37141962
45946080
39025830
39171987
37859022
38102754
37945371
36968142
36272643
36069903
45887880
40161120
38812239
39339612
38788941
38231298
37385340
37120536
36473580
36127743
48549270
39472035
38281059
37669617
38387724
37595739
37719366
36091167
37012473
47413506
39413466
38840610
37912134
37446204
37470687
37859928
37290576
36269991
45416274
39794109
39382599
38435163
38416062
37824900
37440624
37298748
36131748
45648507
39921849
39687699
37770114
37360746
37463838
37235136
37234023
36482727
36000411
48222564
39133206
38505762
38754843
37813305
37171854
36660000
37420254
35950155
47319351
39249282
38904042
38270814
38184090
38111232
37182399
36299916
36312531
45248865
39687108
39115830
38580081
37993257
38107230
37097046
36735570
36063444
35454027
47600265
39261360
38974941
38916390
37260807
37540026
36151620
37008270
36472446
48074322
39405108
39087555
38108379
39083757
37626501
36816147
37379847
35951187
35611317
46627566
39989322
38482428
38694666
37549857
37665288
36939087
36709308
36031353
36314223
45923289
39066075
38746401
38308770
38060256
37890468
36855147
36846951
35425998
35930328
44855778
39607302
38448366
38397405
37390899
37538526
36780735
36401556
36601791
36083904
35054205
47478114
38524821
38701359
37410342
36717129
37369311
36785775
48364455
38835285
38422821
38150622
37766664
37874622
37502622
48551166
40213479
40118166
38952237
38964363
38355969
45483855
41132028
40231830
40178142
39660873
39253512
38903124
45541269
41926431
41359929
39797553
39641976
39246435
38402988
47546199
41554362
40901952
40293249
40130136
39297621
38779518
47292120
41435742
41139294
40755744
40608855
39780552
38436105
48762432
41283711
40927416
40682094
40127625
40176273
38868438
38976309
38433027
38216841
37814688
36694896
36259104
36155865
46889139
39006003
38849457
38212992
37199430
36902844
37462701
46546224
41045355
39215619
38856420
38520876
38562309
37709172
48037974
39343992
40248060
39461748
39553446
38842566
38645106
48687327
40548591
39786636
39353961
38289123
38557317
38923512
48725694
41493846
39444237
39338877
39700665
39505425
38753196
49269018
40554639
40769565
40094604
39003012
39031476
37972134
49566063
41841918
40664034
40189548
38912295
38621862
45972519
42807159
40337295
40328589
40008213
39896643
38492208
47737041
41756001
41138532
40072707
39278970
39403605
39834660
48518751
42745815
41914470
40433220
39777111
40282617
39684180
48586986
42789720
41329125
40452885
39770850
40236582
39594588
49085661
41849265
40901799
40106520
39718146
39204552
39118473
49997700
41689395
40666650
40227477
40492263
39083850
47982591
41314287
40951488
40294638
41096190
40522089
39941280
38313630
38640987
48068526
42471342
41369352
39713505
39684474
38799810
38890602
46851336
41747799
40930695
40878783
38955189
39352455
39015840
48986322
41697456
40884270
41267343
40509903
39091017
39085251
48934845
41822682
41070615
40507620
40551510
39364941
39275562
51907791
41236281
42724077
40094628
40932753
39872091
39204237
39323037
38302746
50470854
41325861
40918548
40985538
39156483
37919034
38118948
37594080
38203599
37896648
36593973
36499284
36652956
37704099
36148794
35645955
34468671
34518486
44877537
39045204
37589505
37379985
37507848
36298449
36650010
35525634
35696670
35729238
35760510
35180382
34417578
34748136
34198575
33697503
34402659
33394608
33232758
41739474
38391126
37468494
36012690
35927610
36312147
35158863
35896467
35183169
35107107
44614947
38445327
37759083
37229697
36541557
35745174
35611014
45510678
39199290
38280861
38572200
38547945
36904350
36444021
46822326
39645489
39960402
38707287
38692422
37138908
37820970
47633034
40504023
39075207
39128916
38692863
38482215
38298195
38019057
36968223
46276050
39955989
39948579
39177657
38438670
38136678
37671264
38021268
36923196
36228651
49045584
40163775
38930652
38803353
38049738
37210266
46166172
41102094
39911355
40301475
38761335
38401431
37498680
38430681
37089945
45466125
40204890
40272612
39158703
38255175
39461619
37667817
37083456
37345791
37007454
47541909
39848202
39392679
38748285
37632117
37286706
37314012
36732864
36614640
36322374
35577942
36037335
35387400
35235453
34792776
35238360
33983712
34665714
34437144
45230460
37345401
36536634
36815310
36341382
35393064
35354187
45245205
38204316
38455797
37872741
37906716
37556172
36918327
46200054
39939498
39249630
38002617
37860885
38206806
38001906
47397021
40060983
39534288
39092484
38181867
38699676
37486287
49890210
41279094
39441744
40008801
39876738
38493831
38507103
37604646
36723123
50406597
40967400
40187748
38575977
39027135
37444551
37312263
38086524
37334076
37013823
37703562
36674547
36269370
35292138
35479395
34438701
44402007
37830150
37549971
37645740
36799170
36916230
35778711
44973150
39734553
39499845
38712216
37387872
38046084
36738672
45513684
40185621
39317571
39653859
38687571
38167989
37984044
45969186
40201059
39934404
38959269
39976968
39144987
38059389
47390532
41380188
39536073
40361559
39534825
38666640
38393652
37228620
37919283
36923754
36944280
37093245
36783366
35303358
44152197
40491255
38278338
38271273
36655413
37067202
37712247
45251223
40416837
39386439
38633529
38693445
37744947
37830720
47408310
40881114
40336524
39745125
40624884
38919774
38019705
47605932
40781874
41322651
39131868
39202644
38945601
38259495
48758682
41360880
41334735
40328514
39279705
38371932
40460391
48707136
41387124
40096023
40925232
39548232
39377460
38497284
49844439
41288673
41089440
40215942
39951399
40033029
51575403
49492677
47191527
46119459
45968016
44991402
43035336
44376057
41137755
41439366
40836177
40496469
39686682
39589542
39081822
38434818
37466055
36963669
37524258
36760905
55391070
48956820
47125785
46779552
45324243
44844237
44234364
44042676
43995039
42213123
62565831
51207789
50810379
50187261
48890304
48446211
47327481
46833822
61250739
55316334
53405424
53180331
51691008
50982642
50498208
49911987
48682818
46730487
46880988
45186549
45437922
44571444
44437791
42705441
64221678
52081371
50779233
49147902
49454568
49840440
47538666
46786074
46438830
47169264
44816793
44795907
42790890
43110756
43311735
41907858
41000520
40980303
41103972
39805797
40131126
39334041
38602269
38251491
38329899
37468395
36521484
35855472
37149888
36162750
35329233
35467536
35060715
35301954
35286993
34931784
60585336
46623156
44438943
45970281
44488428
43448016
43045215
42794910
41906196
41545992
40822803
40235223
39766632
39434262
38941500
39288030
37950810
58702056
47743005
46587309
46734678
45745842
44942994
45424638
44623935
44220522
43387191
42321831
40587654
40986792
59844795
50062503
49106955
48364017
47966511
47183856
61772970
53526891
53870358
51456201
50993259
50148486
64774146
56755869
55570695
53368758
53882976
53149956
71287608
58413051
57008034
56037798
55053402
54200823
54300219
52994469
63569127
57998304
57202047
56753469
54596457
53735268
69328704
58851375
58748373
57003918
56009004
56025105
54386820
53242620
68545995
59015073
58348929
57463710
55134840
55215534
54065592
53474808
53275014
52192536
58983021
57974355
54559731
55377525
54617670
54284001
53035869
52981380
63573795
57707562
58020108
55338453
55168845
53503197
53165082
53122962
64286775
58013592
56575947
56271072
55353579
52984743
53868606
51019383
65619927
57260574
57180963
55814409
54827976
54384663
53888844
52441674
62451837
57776598
56447997
55848210
54014544
53215059
53916510
58211976
57543330
55978389
55099833
53802414
52404393
52242945
51393954
58457229
55748709
55356447
53114001
52096476
52156950
51322416
50218434
57053691
55045845
53628633
52330326
52610229
50909961
50169072
49455324
54791289
53389671
51996933
52203603
51722547
51038337
49693686
49135416
53906322
54037344
52817436
52093692
51303039
50453793
49079460
49718349
47715879
58754301
53114382
51486819
49757547
49068126
48443382
58731738
53695188
53233698
51561486
50859729
50914881
59807913
54350430
53184762
52626507
51869493
50642091
50331156
48263535
49395552
47519070
46995309
46196196
46435242
43911423
44252880
44281461
42829248
42921297
41747148
40752210
41347917
41035767
40054059
39952290
39102315
47091771
47327871
45757857
44235963
44811687
44222391
43025163
42967395
42495171
51875436
47925864
47598876
47390226
45584391
45269751
44522115
44932491
50081292
50487756
48755148
48510006
48294675
47011968
46552806
59856591
50357079
50465484
49283478
48204687
46975764
47512740
47244660
60997998
50661165
50799852
49882413
49413540
47431128
47229726
46870305
58100451
51643065
50670759
50318148
48980127
48200127
48164076
46620357
52579119
52177194
51269655
49537461
49329357
49437153
52630164
53360307
51616038
51212178
50752359
49376100
48601089
59783103
52961355
51700128
49494513
50039442
50694579
61282485
54215568
52107663
50763510
48492726
49859043
48713724
48842790
58491114
51632424
50485659
51285252
49575711
49034718
60260406
53793768
51755907
51799188
50973576
50336415
49173279
48240417
58186014
52711875
49806645
50345874
50108058
48862869
49576062
48100005
57356217
53290803
50968461
50981481
50420376
47732919
48341130
46637985
47306142
45964596
44436678
45183897
44604909
44330604
43673052
54989037
49172424
48347007
46726617
46242636
46435449
56448684
50438460
50779620
49384683
48812652
47904363
57101085
52218087
50541093
49350192
50423097
49404462
48987675
47773548
45487812
45123285
45413574
44260218
44444340
42925050
43419498
42559893
42139674
53754939
47975433
47060364
46771272
45619611
45634176
53013711
51159672
49184424
48564168
48169323
46827105
54613011
52117308
50976702
49925049
49933320
47090841
47784252
46111803
54002760
52808967
50707878
49767210
49326090
48246288
48003783
47074827
46585302
44631180
45946194
43846371
42691497
42378093
42759750
42434877
41435715
53190570
47363847
46483506
45732408
45474666
44700180
44931675
44028057
42505272
41363007
41127534
42054603
40606839
40733511
39748113
39149193
52044714
45956553
45046065
44567202
44754495
42426648
50732985
49208325
47119398
46612833
46529277
46063293
52561854
50916282
50061816
48951720
48132534
47741442
47107542
46676181
45086523
45328350
45282570
43671831
43375500
42326055
42672000
49165875
48101469
46935144
46287468
45717432
45298833
44158317
43955106
42547317
54234471
48875856
47276802
46828974
46304664
45045426
55231119
51126603
51065631
48728094
48100044
48699078
54292653
54075558
51073629
49872795
48934644
48824082
48544434
47273790
46281159
46238406
45561540
45157653
43750269
56415672
48074646
48736230
48106422
47151114
46632618
47172201
44939505
53719113
50795508
49336305
47802834
48428829
48305964
53496228
51008895
51643989
50247123
48834270
47920881
53911668
52483653
51453963
51072519
50397981
49572933
48797853
59352621
51878961
50907975
50768826
49600311
49070685
61368897
52536234
51211224
51103686
50788518
49275258
60234507
52615305
51751479
50274555
51537531
50482260
49085598
47263686
48375201
47852790
46878201
45014928
56985060
51058011
49408119
47662158
47672445
48456036
46228842
46207449
45748776
59327259
49641633
48884352
46995699
48056703
47661456
46172721
45981270
50767911
49252056
48653532
48699240
47748159
46750650
47009280
45324438
45422124
44694771
45242577
43866441
44043054
42927855
49191087
48751590
46089315
45953613
45750990
45476877
44932446
54612900
49735680
48715197
48249183
46463784
46294356
45346134
44860521
44314230
55232292
48916401
48068094
48215901
47181729
45332763
45451821
45071427
52627926
49403160
49372602
47332338
47324286
47481120
45441888
44366112
44174343
43998282
56467527
48164682
48027726
45925752
45839349
46705473
45102267
44369211
43076142
55414911
48201300
48163887
46425066
45059964
44493606
45176766
43523730
43803336
55844706
48679155
47784864
46860354
45996753
45829047
45164082
44538180
54968955
48971676
48364839
47398104
47289282
45544890
44671530
44543895
44365386
58797297
47395272
46638699
45484728
44187564
44599629
42510222
42569310
54404766
43920693
43366008
43641207
43056660
42299007
42314586
41701695
40911633
40184397
51188703
42510426
41599506
41820348
40920450
40152888
39552564
38078037
38401221
46662471
39160137
38877258
38745813
37723005
37983213
37897602
37438551
35881632
36781740
31994862
31686393
31407606
31416465
31182423
31007874
30921417
31509555
31040112
30800802
30955407
42367467
32122899
32094822
31600866
31758915
32036757
31411758
31393824
31235727
31221837
31316829
31043559
30863532
31235637
30821874
30808401
30981117
30909318
30965034
30319497
41805009
31644081
31938522
31535424
31280616
31404267
31313922
31095960
31111857
41234409
32185782
32168634
31635762
31724799
31460775
31984869
31323075
31369056
40982274
32099022
32136111
32054931
32054205
32044977
31673397
31686045
31648113
40512663
32384514
32274474
32399160
32281806
31981758
31645170
31663860
31601103
40524375
32333514
32496996
32867751
32296854
32059305
32221245
31678428
32053305
40341852
32555505
32470971
32137158
31805142
31963608
32299128
32200608
32754072
32766156
32652285
33053616
32812302
32016609
32049588
31938774
31859589
31843338
31930689
31578216
31719861
31459254
31507689
31199154
31322604
31158633
31189371
31362987
30447885
30897477
30673098
30492516
31471968
31676295
31736202
31569309
31512756
31460280
31072848
31307979
31169628
30795531
31353177
30794364
30807645
30575052
31229616
31005261
30510351
30596826
30643443
30330357
30677568
30419301
30360822
30969153
31583007
31230813
31278273
30985656
31074240
30948132
31255671
30927516
30589887
30971316
30784056
30848571
30629349
30358575
30770313
30392946
30605955
30522672
29903112
30123831
30263943
30515514
30973236
31421673
31391217
31278258
31063776
31127799
30686391
30726033
30724995
30401967
30961725
30514992
30700158
30615930
30411300
30327192
30555204
30257877
30126750
30132468
30670176
30501882
29967810
39069495
31398549
31202559
31240524
31261482
31057158
31087305
31146801
30646023
30750309
30764031
39182427
31995393
31396215
31442691
31509348
31407576
31497603
31186272
30862848
31226988
30708099
30946884
30750999
30516189
30648252
30553791
30767883
30713325
30413871
30648891
30385053
30492072
38730075
31755819
31283991
31553799
31416285
31017024
30868437
31021401
30995100
31024176
30761301
38767941
32007030
31979865
31924089
31587414
31281765
31386807
31309737
31372005
30879822
31119051
30876192
39968250
31970334
31747689
31670619
31868580
32075040
31432905
31247307
31265073
30950013
31446480
40064985
31952892
31670121
31825647
31576539
31406157
31353756
31864332
31405101
31496541
31439298
40671036
31970610
31883595
31734885
31971474
31616043
31858944
31241361
31752726
31359222
31251480
40349745
32024292
31931217
31709631
32031471
31425444
31852647
31834299
31246347
31192218
31251441
40313544
32024307
32127519
31892625
31900428
31958697
31538058
31882077
31714500
31189956
39653340
32455557
32212350
31905303
31488234
31528311
31624314
31848426
31953072
31616031
41003604
32575743
32584242
32836608
32121339
32077437
32013342
32339433
32577639
41432190
32414382
32348751
32685837
33135999
32107509
32122920
31740342
31818303
42447702
32646378
32580120
32518398
32269569
32953923
32066010
31827903
32240955
31907004
32350344
32012619
31513983
31877880
31435329
31892376
31234563
31309284
30895356
31494930
31106667
30793842
39591369
32021082
31818333
31854930
31352310
31546425
31104705
31216863
31104714
31383117
30875706
30810456
30973188
30958377
30743910
31001751
30861171
30506256
30406155
30706170
30015228
30339474
30062595
29962029
40711989
31318794
31231455
31122102
31334757
31112958
31265559
30889107
30792153
30768276
30754893
30681888
30539598
30348273
30835443
30705870
30061650
30164025
30290235
30291375
30216156
30221901
29938260
31719855
31057374
30932658
31498113
30948192
30819174
30775620
30762528
30810423
30806313
30580461
30592788
30378519
30204195
29919150
30208344
30512691
30354636
30476673
30245817
30021621
30189159
30048192
30817398
30954117
31060878
30737193
31326675
30795024
30663264
30602421
30754137
31032438
30585120
30652599
30466611
30137049
30474036
30248946
30057987
30138786
30090942
30323955
30061605
30113199
30044865
38945001
31288950
31269048
30879075
31056663
30632070
30794076
30846063
30651105
30735465
30658320
39716172
31641459
31413339
31830387
31399938
31106169
30960183
31118463
30935073
30677856
31075359
40186602
31960962
31831572
31407276
31684488
31900854
31752747
30978000
31058937
31014900
31348659
40198236
31810749
32162373
31813956
32091828
31386234
31626525
31330335
31470669
31794321
31023417
40128015
31970124
32078340
31788804
31978950
31353468
31593900
31361181
31773459
40269765
32309679
32273049
31900404
32109774
31937625
31560342
31425900
31550733
40595103
32367726
32374176
32219442
32311407
32184630
31768455
31973691
31468071
41126859
32372349
32529792
32323029
32251332
31837422
32244372
31893420
31556319
31519362
31292514
31275249
31541322
31080612
31482069
31330680
30945072
31174848
39445869
31982757
31931046
32132598
31522236
31633941
31504221
31379229
31400982
40361445
32586465
32172615
32676036
31757919
32069142
31942563
31445040
31411404
39865779
32567055
32601006
32101635
32167911
31866960
32316738
31759080
31667331
40332309
32919231
32863563
32103630
32095197
32408106
31886706
31731528
32178153
40244109
32886741
32702088
32247222
32283183
32149884
31769280
32166522
31864956
31567158
31458315
31541106
41023827
32600619
32062683
32492676
32147328
31865067
31792896
31650693
31607355
31604142
31346916
31481904
31196538
31095657
31126134
31177569
31287849
30870852
30896556
30964725
30879267
30765168
31017228
39699972
32011524
31260936
31885119
31185321
31195089
31433235
31563840
31026114
30790935
30798642
30876702
39806985
31917234
31812819
31565454
31869414
31495626
31372305
31635579
31229790
40441980
32373423
32004525
31849437
31745169
31647648
31883160
31328550
31173057
41327181
32336289
32036997
32069115
31964169
31679931
31688295
32151513
31720737
41112567
32153841
32082525
32296398
31973004
32313906
31802613
31761459
31783677
40242027
32997510
32361597
32163462
32053842
31971465
32227767
31637547
31841487
31796115
32163006
31799613
40742640
32464977
32210727
32160516
32229633
32007420
31726416
31629387
31300284
31666983
31316172
31105707
40723422
32069910
32217420
31770168
31344009
31516701
31863951
31810860
31966215
31542900
31399074
31096680
39973341
32515611
31776183
31992498
31662129
32340141
31600785
31730157
31536465
31518093
31536741
31425654
40366092
31807632
32275542
31869780
31820334
31809474
31618752
31382883
31601169
31282179
31577994
31144830
40524207
32052009
32531073
31900791
31762056
31676286
31595454
31555992
31690104
31160709
31356408
31866120
40358523
32239242
31933374
31852998
31668549
31810449
31425597
31757436
31590270
31583973
31450725
31185315
40577853
32261640
32110653
31996653
32412573
31465101
31923546
31561719
32345286
31156509
31595094
31321767
40552251
32600982
32137416
32199318
31737969
31551882
32150511
31742799
31558650
31353114
31384716
31557210
40247415
32238480
32414985
31479459
32496384
32086695
31870725
32124381
31719819
31533084
31879503
31014393
40342080
32006589
32279184
32332380
32058186
32258112
31783854
31591887
31716501
31372842
31163856
31411452
40125660
32165454
32269722
31722978
31683504
31647654
31562613
31262913
31337934
31133607
31126479
31283796
40101828
31658244
32074782
31932645
32177349
31547577
31406142
31416066
31391475
31726533
31110795
31112259
39858159
31768332
32008422
31696338
31601523
31653057
31197108
31615539
31221192
31659165
31061058
31316235
39822921
32264238
31694538
31633833
31848036
31814901
31017042
31792926
31280580
31260771
31154010
31119795
40552113
31846539
32018988
32192619
31766598
31836018
31291812
31491708
31253442
31467798
31025634
31575336
40364043
32277507
31901451
31971027
31494729
31766082
31410300
31595226
31560543
31329873
31125150
30990270
40230429
32234787
31860270
31652451
31873773
31562385
31777110
31670547
31271403
31349286
31617393
31073052
40158207
32220660
31840089
31824141
31815714
31632159
31926195
31239366
31179210
31460283
31150590
31223586
39993024
32234598
31873677
32087550
31983135
31789080
31587240
31441875
31431594
30954975
31194435
31397031
40634754
32114022
31981530
31762563
31922706
31509495
31481940
31284138
31236375
31794318
31572294
38934948
32387643
32125248
32327955
32013867
31429329
31654749
31463505
31445205
31093389
31226397
31201941
40048917
32503740
31624002
32174271
31967364
31500825
31838883
31422156
31679847
31424220
31347885
40489905
32104698
31975521
31960968
31895958
31607670
31745871
31655421
31568655
31781442
31562421
40271913
32232489
31561848
32138286
31827378
32110032
31776675
31652016
31824363
31653477
30897129
40257771
31783374
32667462
32194719
31996653
31813557
31604229
31697787
31685481
31603551
31421070
40437858
32312334
32206047
32135097
32025897
31894464
31745823
31658715
31804224
40532487
32166156
32344809
32517501
32544153
31726401
32220762
31776087
31528068
40646415
32931420
32544510
32436852
32295624
32087604
32434974
31754571
31640079
40639707
32701206
32769306
32514906
32204715
32427000
32013303
31732266
31957974
40639782
32819547
32266110
32425947
31995417
32098185
31768803
31889850
31732074
41185989
32671851
32395923
32324736
32360676
32031897
32173953
31723977
32073864
40907037
32409525
33147366
32055882
32244903
32124183
31757970
31369731
31653126
40973352
32681373
32836023
32276118
32369805
32236383
31694676
31530516
31747488
40891122
32657658
32654436
32231592
31734696
32250501
31826274
31841196
31614993
31758006
39814182
32523726
32462598
32200809
32290818
32110806
32251398
32255259
31441083
31480995
31455270
31299462
40939107
32135130
32242299
32112957
31530510
31982463
31620990
31531749
31698342
31539510
31560882
40218054
32049543
32603418
32214975
32445447
31724979
31503378
31214811
31529010
31007349
31789308
40799805
32437356
32052783
32264091
31963029
31621293
31518099
31554951
31520595
31372026
39285207
32395104
32103612
32583474
31714200
32311326
31716957
31530279
31618539
31197222
31280031
31355259
40156542
32063400
32614482
32223993
31544040
31758171
31678743
31716315
31196031
31113528
39368610
32741832
32048340
31766964
32145543
31391199
31341486
31751385
31272222
31197531
31320159
39309897
31980513
32629800
31948017
31988847
31496721
32120058
31865124
31542036
31253463
31346994
31276101
39621387
32239902
32323839
32301885
32166597
31625715
31495578
31282716
31540545
31175235
31735743
30813480
40009797
31967253
31987320
32115681
31702896
31450008
31896654
31877232
31300884
31412316
30991071
30985419
40284570
31965840
32112564
31735896
32166915
31862826
31718568
31619241
31660701
31524606
31409376
39522933
31798383
33000348
31628478
32237352
31677336
31910484
31470291
31127019
31948932
31590123
41079183
32468139
32125662
32809482
31683249
32048130
31738626
31650810
32181285
31708176
31399797
31220574
31457451
31375575
30898626
30745587
30484224
30548643
30681588
30569493
30951027
30540699
30335139
31238550
31683726
31400871
31396599
31396674
31145496
31142478
31283781
30804576
30953697
30730032
30609144
30647967
30590403
30567033
30634575
30169281
30474114
30286650
30306777
30146079
30264624
30139542
39722073
31246380
31204575
31206276
30695154
30725613
30676812
31006488
30759765
39290829
31852077
31860363
31630821
31128495
31363179
31571700
31264260
30990108
39585720
31721580
32443083
31230969
31555359
31423137
31704981
31677093
31247235
31363938
40865043
32150817
31935807
32105622
31770219
31758606
31777509
31568232
31139598
40467798
31925967
32298102
31992723
31355826
32173887
31675038
31679514
31537551
40261785
32356017
32316012
31833957
32121663
31971378
31421418
31853523
31780740
40178025
32277264
32614707
32253150
32245032
31909482
31832031
31776849
31639089
31411911
31437198
39681267
32232927
32479392
32046891
31645542
31988022
31749441
31684155
31663725
31522056
31621980
40285695
32128923
32027817
32581890
31847811
32046768
31721418
31516257
31472520
31466952
30975471
40267950
32226168
32522505
31835445
31751457
31852260
31643283
31310268
31492293
31404603
31231593
31353147
40165794
32292111
32036454
32046864
32042187
31977618
31879326
31509531
30879549
30996966
31299528
31039113
40307832
32169693
31741989
32082918
31743354
31814265
31582569
31356651
31218642
31170921
31556526
31324341
40829616
32167122
32178780
31776504
31812969
31731996
31643811
31151124
31148895
31351413
31401036
31375710
39983733
32241555
32028663
31805766
32037357
31726185
31257699
31313727
31688865
30951003
30952614
31122384
40175043
31919598
31755861
31747872
31905654
32215863
31458486
31346040
31296405
31312677
31093317
31263561
39775344
32220516
31851012
31778910
31948767
31443567
31657284
31309128
31141434
31442625
31448550
30897594
39556647
31848714
31856757
31869483
31613394
31724040
31439487
31143579
31346424
31203126
31009113
30974310
32213178
32543550
31741959
31726260
31415463
31513872
31979721
31187490
30981159
31182237
30983709
31465608
30973269
30980748
30822909
30942084
30331044
30851673
30602364
30240648
30268674
30847011
30571374
39790239
31348824
31300137
31319049
30992835
31117614
31357260
31150467
30716595
40574670
31797831
31542423
31547463
31176105
31632018
31416933
31391433
31332189
40565529
32058657
31757490
31965435
31782972
31662042
31550925
31474686
31312827
40585182
31928724
31978305
31899228
31808664
31907787
31767264
31219689
31527417
40597779
32726694
32349081
31696575
32253411
31791675
31726947
31440744
31582425
40763604
32446782
32012646
32359518
32145255
31806408
32269332
31683999
31596276
40254777
32417235
32201280
32167212
31866798
32444157
32011245
31505727
31962486
41232687
33454896
33179538
32729160
32744928
32676075
33016734
32422980
32692011
42661032
33176349
32514273
32983308
32636655
32778624
32200383
32219808
32322270
42161382
32590305
32647065
32496171
31995225
32008095
31718838
31989138
31348506
41367726
32303505
32149506
32066628
32048298
31866468
31929897
31483896
31877337
41819769
32001126
31727925
31767816
31779168
31871418
31587216
31114437
31550565
44733213
32338527
32426649
31858008
31894212
31732803
31270038
31473618
31583421
31097442
31396899
31514706
44381079
31813431
31877571
31333140
31607502
31218159
31310067
31471305
31274001
31499856
30896901
31105992
31215006
45316284
31567713
31581270
31494735
31359798
31276602
31062927
31058409
31051350
31080696
30971433
30609015
44645643
31383138
31273944
31179489
31040586
31055535
31285212
31091283
30684381
30837042
30606330
30918726
30705057
41498157
30826929
31296873
31018245
31312686
31338891
30749190
30977712
30866445
41583621
31515222
31438728
31230249
31162647
31295481
31155693
30996753
30770535
44601477
31166535
31583760
31301898
31217502
31028820
31084869
31144908
31793001
31133304
30886554
30816684
41389614
31607856
31115718
31313148
31182906
31129743
31142607
30730116
31113162
41115396
31466499
31441734
31824237
31420143
31172616
31136835
31005291
31009797
30958140
31722072
31417578
31370439
31345725
31200045
31272255
31003245
31111980
30931605
30626664
30881082
30885948
30855150
30711354
30590850
30725190
30761985
30639516
30335421
30621624
30231810
30539739
30240201
43971789
31415559
30792798
31154949
30916665
30802137
30806523
30724314
30612537
30672117
30430599
30651354
30441456
30458499
44566335
31125369
30640137
30936201
30873954
31041075
30693402
30591009
30619971
30605574
30577578
44635419
30984768
31016595
30943356
31152996
31258479
30705489
30786024
30608385
30707124
30612153
30606228
40514955
31567575
31141989
30939948
30949548
30848688
31198386
30991392
30720717
30708744
41436852
31258716
30991500
31180926
31104150
30815961
30978324
30854274
30963390
30730263
30481989
30514527
40637430
31017855
31190991
30936603
31134276
30970725
31281363
30889455
30945873
30860298
41473257
31257327
31228212
31359870
31046094
31143831
30786549
30818244
30789000
41228967
31434336
31329465
31174425
31193031
31109508
30978081
31047105
30651519
41054718
31787760
31454373
31057479
31090983
31265418
31216986
30899937
31001544
31351359
31788060
31522929
31355043
31678743
30980679
31307991
30877164
30979494
30734064
30946422
30717099
30843849
30538089
30661116
30596592
30334569
30457629
30711789
30426096
30252924
30331176
30227949
43929303
30787836
31095060
30757281
30759219
30707235
30476328
30696669
30562824
30344982
30319110
44143671
30876072
31058385
31100016
30861549
30908097
30712092
30700368
30535899
30831171
30292539
30301980
30148938
42785907
31261152
31178241
30798468
31039566
30885099
30950322
30610431
31030878
30773664
30576288
42009258
31272270
30976176
31207392
31288581
30877887
31020003
30910980
30744756
30693336
30591081
30782643
42911940
31201026
30803505
30935937
30672627
30933258
30658029
30905214
31111308
30800829
30703335
30673305
42178323
31573323
31105383
30961017
31063125
30877311
30723783
30599511
30592302
30620787
30832848
42148041
31197723
31338168
31328241
31134558
31003944
30689436
31002732
30681876
30800145
30981432
30654216
43654965
31437339
31184781
31035057
31206120
31358742
30843912
30923382
30794190
43480434
31174515
31324041
31251645
31279149
31215093
30956844
30857121
30838743
43397616
31625136
31274052
31189431
31005024
31269750
31322244
31068693
31220118
43369764
31683024
31360434
31528185
31521990
31045950
31333281
31076172
30920031
31186911
42958521
31551936
31394001
31481571
31240572
31092564
31176477
31048224
31413963
31168296
31170528
43755408
31515459
31413597
31241019
31200828
31252632
31114158
31078887
31147917
31270959
30593829
43391103
31564698
31346751
31534059
31127445
31092816
31037595
30898473
30911700
30853446
30967701
30737133
42609387
31238736
31171740
31401999
30971814
31213563
31034946
30761046
30908634
30815826
30789777
42482685
31281954
31822845
31128960
30989724
31183257
31143543
30873783
30916608
30777282
30806061
30712224
41229057
31303863
31400355
31249230
30958554
30932964
31042029
31211529
30818157
30864198
30762309
30623907
30710076
31495260
31037088
31117668
31048854
31258140
30912939
30833772
31138938
30844920
30664170
30544932
30687360
30475479
30546552
30550524
30664755
30589341
30187662
30479169
30195660
30075345
30241476
30347451
40955973
30933696
30880803
30966018
30569028
30600762
30553458
30493281
30504756
30495258
30408417
30615627
42326001
30950337
31184562
30819645
30941775
30632460
31002099
30637821
30483171
30436992
30502257
40983633
31461693
31392831
30880347
30711777
30998568
31174197
30876057
30708153
31011684
30698691
30891960
40900710
31821981
31166025
31216665
31549878
30988164
31317249
31134969
30918891
31160340
30794223
31063245
40392837
32248998
32015841
31575411
31284633
31568127
31352733
31589304
30944382
30886146
30981972
30940056
40192815
32183262
31736679
32031351
31647798
31298763
31710027
31167438
31301517
31384125
30994368
31133988
39749364
32426943
31677981
31519014
31785990
31887675
31713036
31333350
31299255
31399017
31568853
31093404
40426800
31987884
31930290
32021469
31517322
31586715
31727124
31557189
31135470
31251402
41345865
32157264
31839564
31938036
31634799
31673412
31727979
31626978
31350534
41763351
32803932
32231505
31963467
31804731
31862973
31895034
31851750
31513527
31456407
31434111
31269303
31048938
31231686
30964323
30740994
30882774
30803658
41159721
31909764
31806036
31622718
31629495
31337631
31630764
31337514
31219773
41386350
32464878
32982624
32351148
31410990
31879383
31701489
31516887
31499706
41364630
32638317
32134059
31701000
31798869
32030148
31824672
32189778
31633104
41357955
32517156
32712180
32299110
32355105
32381502
31843575
31477851
31510431
41642130
32382753
32273664
32094030
31961661
31851249
32107125
31944819
31954887
32337954
32548965
32389983
32473548
32093202
32025831
32060415
31778688
31860372
31825974
31682961
31457613
31534662
31091925
31457001
30918540
31185393
31251003
30467811
30886239
30602649
30866526
30840333
40036227
31618611
31234068
31630131
31676754
31415661
31213287
31257786
30960645
30963672
31022985
39247143
32297892
32200869
32085090
31467324
32117715
31302099
31080441
31595604
31568064
31102038
31328883
41261160
32220822
32053224
31637298
32069325
31241208
31396053
31502157
31428915
30915138
31293453
40711647
32162082
32290785
32129223
31992255
31745052
31553979
31469679
31547196
31436229
31361838
42279732
32173971
32207964
31570590
32047620
31822809
31693614
31695036
41007003
32874678
32182491
32129001
32301978
32386722
32255154
31885209
31535139
31302318
42357492
32831079
32898435
32307375
32480628
31776312
32020311
31993287
31626546
42298269
32264250
33030876
32616537
32452575
32237481
32061375
31818009
31951668
41891337
32819811
32215110
32207526
32208141
32163261
32283036
31579317
31686378
41898972
32283285
32211264
32404434
32474196
31985862
32364873
32192610
31663362
42384129
32644065
32147763
32553801
31989645
32458038
31946541
31954860
31698738
42350445
32666442
32739393
32414781
32308431
32381907
31785009
31955376
32086440
43124136
33228087
32840232
32710821
32345145
32525556
31967616
32036115
31905615
42037092
32710863
32139747
32752239
31869126
32324478
32656854
32022657
31598145
42330546
32531784
32496345
32722224
32566125
32457042
32332398
32045427
31989528
31283922
41008860
33098193
32650992
31983600
31996827
32763873
32641116
32032920
32045646
32366661
31708806
40540533
32750724
32595294
32552316
32336370
32087223
31709580
31972290
31815120
31573200
31671636
41058003
32566941
32228538
32116062
32295735
32558772
31979991
32173311
31746090
31776147
31384641
40067334
32315145
32449746
32294094
32138343
31939134
31949016
32060775
31961193
31820199
31804005
41033313
32708838
32426784
32090007
32045172
32442204
31974657
32015745
31826424
31642092
31300950
40947093
32543493
31941912
31975155
32348712
31847454
32310909
32050170
31909803
31663641
31759242
42685281
32335353
32290569
32320575
31867203
32000127
32094954
31498221
31920837
42593163
32745438
32293830
31956594
32455926
32384679
31896936
31846527
32023074
41934183
32958291
33323286
32337264
32711232
32894166
32237103
31453077
31806219
31722270
42389574
33170928
32877144
32232027
32363364
32158710
32026779
31827243
31707783
31341588
31779096
42161694
32443944
32179635
32568756
32482548
32291073
32497482
31711215
31878966
31721997
31405728
42144225
32704386
32637558
31900449
32030130
31957656
32038062
32042394
31929882
31828404
41314425
32664090
32349825
32438484
32149758
32522034
31828554
31772751
31914222
31681737
31446759
41279175
32436294
32536200
32200821
32388897
32027205
32041965
31983510
31549098
31314054
31296510
41963859
32472126
32658486
32601210
32241681
32156838
32059485
32032146
31522275
42553881
32879823
32347518
32153379
32177376
32508549
32388075
31789863
32009019
42385236
33063978
32467152
32445570
32228115
32079552
31785459
31799139
32021019
31743180
42848670
32775396
32517318
32180148
32393118
32175885
31946535
31776876
32099526
32060364
31822101
42752769
32380920
32197428
31635549
31987161
31916055
31806633
31708230
31771098
31694280
31532445
31301517
31425678
30855630
31471818
31559787
31207989
31047312
30905349
41231655
32416836
31973499
31495482
31281156
31380588
31239657
31643139
31288764
41147640
32855739
32296296
31757409
31603113
31328991
32323005
31845009
31484823
31548615
41865447
32861649
31876587
32241864
31833429
31857435
31832634
31599063
32046366
40522797
32805006
32324937
32260338
32257728
31742895
31926927
31738215
32028744
31583481
31551798
41156781
32469393
32952588
31870593
31976571
31731768
31777707
31642776
32009361
31722336
31660560
31520571
41664924
32357460
32225856
32323845
32122830
31856571
32158230
31724421
31744521
31768053
31262370
43146009
32527533
32599668
32101161
32232564
32408319
31793496
31456428
31130910
31711008
31687350
31095198
43414494
32477481
32138823
32471547
31984380
32022477
32084505
31116900
31389708
31786173
31285344
31396047
44803929
32253861
31782654
31847157
32107638
32385129
31987254
31758630
31216557
43812084
32347383
32047101
32433543
32562525
32062773
31956420
31606842
31636407
31550997
31457547
31691904
43663176
32443929
32246541
32388696
32113974
31489656
31722309
32097951
32029062
31615128
31648260
36831678
31529469
31882128
31289616
31658625
31277982
30890481
31522464
30990933
31394847
31076658
30870486
42416205
31855206
31959219
32190180
32031660
31676055
31594557
31608063
31354740
31031781
31326231
31032072
31196130
32215590
32788182
32203344
31886724
31998114
31710627
31537698
31308966
31046094
31348002
31588653
31272561
31097799
31470237
30999207
30973542
31090467
30557196
30948393
31032195
30646260
30478107
30686718
30401853
30404223
30470082
30536493
30399804
30474102
30175890
41223666
31417809
31393713
31074972
30814068
31139871
31158348
30721263
30848796
30684486
30888114
30673935
30531408
30490554
30405480
30395451
30708081
30112215
30135894
30068268
30105438
30130179
30361311
30093300
39154845
31271253
31517496
30733521
31209114
31279821
31047552
30868113
30505320
30395481
30578154
30486531
39715548
31416099
31443108
31418205
31539501
31558896
30986877
31567194
31280064
31030848
31143174
30492867
39435399
32346012
31749594
31852434
31250958
31679499
31334628
31155222
31248264
31025730
31253454
30680220
30719271
40214643
31726332
32071134
31842507
31978008
31378620
31355145
31468257
31235712
31099197
31095267
40958115
32575110
31612386
32080635
31913316
31602165
32320860
31461729
31322652
31051638
39594546
32292306
32099274
32043561
31787532
32026416
32418741
31443735
31604610
31719513
31528725
31343532
31489422
40702989
32101629
32214213
32215893
32179713
31673364
31729005
32026311
31553070
31413138
31318791
31436607
39858252
32419368
31935777
32394045
32066769
31642452
31851996
31563492
31357800
31600818
31383933
31031625
40581984
32618529
32304405
31917750
32169348
31928823
31739295
31633251
31365360
31295781
31466412
40633944
32555733
31877325
31943685
32008014
31763328
32154891
32020719
31740312
31537326
31166628
41425728
32402760
32168331
31969593
31962912
31725129
31703730
31278759
31551468
31608630
31272372
40708341
32458593
32205717
32269128
31795881
31601373
31739580
31888854
31822641
31484910
31273314
40712133
32308947
32170335
31603467
31726947
31905132
31426206
31797489
31369158
31933371
31027218
40809369
32367066
31920687
32493675
31992075
31675053
31625625
31699020
31820280
31412103
31796604
40583529
32438145
32325450
32300241
32056947
31776648
31724376
31535760
31313808
31458504
40124202
32450013
32173017
32442402
32057424
31411899
31767582
31627617
31556616
31599528
31312860
40143414
32676831
32506500
32192982
32273226
32133723
31902996
31922055
31927098
31808322
31531785
39653319
32533368
32586498
32418618
31815885
31987017
32132331
31710687
31647549
31710147
31100880
40421880
32180046
32152335
32111478
32151840
32622042
31450104
31877580
31745910
31368150
31654224
39860403
32785083
32327871
32401452
31821096
31922748
32205651
31694796
31525473
31290834
31155690
40366011
32528328
31795587
32119116
31658943
31824030
31757223
